299 773
49 101
101 49
90 25
25 90
16 217
239 139
139 239
24 196
224 134
134 224
77 255
255 77
181 298
298 181
146 117
117 146
57 175
175 57
184 81
81 184
37 123
123 37
260 298
298 260
144 35
35 144
74 44
44 74
7 264
264 7
160 204
109 153
290 199
242 287
287 242
107 68
68 107
86 241
63 159
159 63
134 167
262 224
224 262
146 65
65 146
294 183
183 294
294 97
97 294
42 258
258 42
135 38
151 277
163 275
275 163
71 49
49 71
124 275
264 92
92 264
137 237
237 137
254 198
198 254
261 112
229 45
18 235
235 18
115 197
197 115
213 218
218 213
232 291
291 232
190 237
40 228
228 40
5 192
192 5
284 127
127 284
254 40
40 254
158 275
94 163
163 94
131 114
114 131
92 298
298 92
150 156
156 150
100 176
176 100
223 89
89 223
75 185
185 75
72 159
159 72
213 254
254 213
258 92
44 141
141 44
196 104
104 196
83 85
85 83
140 174
174 140
115 209
209 115
230 81
81 230
171 70
70 171
143 295
295 143
81 95
95 81
122 204
204 122
64 230
3 114
114 3
94 262
262 94
31 91
91 31
97 179
179 97
88 93
93 88
284 49
122 217
67 129
122 6
6 122
255 135
135 255
287 152
152 287
288 91
91 288
202 240
240 202
243 161
54 119
182 281
281 182
140 91
91 140
55 45
45 55
1 47
246 8
8 246
104 156
272 88
88 272
91 147
147 91
143 87
87 143
50 18
156 138
138 156
252 141
141 252
275 185
185 275
265 4
4 265
146 76
76 146
115 258
258 115
81 223
223 81
33 201
201 33
72 69
69 72
17 36
36 17
249 194
250 289
289 250
37 127
127 37
56 273
273 56
207 115
54 76
76 54
171 87
87 171
278 102
102 278
245 74
74 245
89 154
154 89
269 161
161 269
225 41
41 225
297 199
199 297
137 91
91 137
222 36
36 222
265 283
283 265
152 150
150 152
74 188
149 178
178 149
283 51
51 283
214 86
86 214
230 89
89 230
10 86
86 10
193 94
94 193
184 236
236 184
205 171
171 205
238 294
294 238
187 256
256 187
72 99
99 72
34 90
106 30
225 102
102 225
189 2
2 189
281 73
73 281
140 182
182 140
253 103
103 253
56 97
97 56
125 200
200 125
29 264
264 29
242 55
55 242
239 10
10 239
112 196
196 112
134 248
248 134
91 145
148 159
28 205
205 28
236 27
27 236
283 113
113 283
48 228
228 48
246 100
100 246
91 256
91 119
201 150
150 201
62 277
277 62
299 196
196 299
87 222
255 115
131 233
233 131
218 220
220 218
291 267
267 291
130 145
145 130
81 58
58 81
47 212
212 47
81 69
69 81
198 208
208 198
99 168
168 99
267 255
255 267
125 270
270 125
107 32
32 107
200 142
142 200
229 199
199 229
55 142
73 54
54 73
217 158
158 217
174 105
105 174
164 147
147 164
280 211
211 280
146 145
145 146
65 23
100 191
191 100
142 103
103 142
288 296
296 288
194 61
61 194
216 71
71 216
64 50
50 64
39 94
94 39
233 182
182 233
270 163
5 225
225 5
167 205
205 167
235 294
294 235
290 48
48 290
122 157
127 253
253 127
185 9
9 185
72 259
259 72
235 189
189 235
55 157
157 55
110 204
155 58
240 278
278 240
31 175
175 31
296 96
96 296
111 245
149 123
123 149
168 292
292 168
208 261
261 208
208 181
181 208
209 44
44 209
51 284
284 51
231 157
157 231
172 9
9 172
162 24
239 170
170 239
144 285
285 144
163 260
254 50
50 254
282 62
62 282
277 152
152 277
293 147
147 293
95 15
15 95
183 92
275 214
214 275
278 63
16 41
67 275
275 67
179 229
229 179
188 123
41 90
90 41
211 220
220 211
285 226
53 63
63 53
168 62
62 168
37 146
146 37
109 245
245 109
222 70
70 222
68 131
131 68
112 122
122 112
135 81
275 135
135 275
6 260
260 6
69 230
230 69
58 184
184 58
281 47
47 281
129 189
189 129
155 47
47 155
204 94
94 204
177 220
220 177
212 21
21 212
256 22
22 256
159 253
48 289
289 48
149 272
272 149
29 257
257 29
105 194
194 105
229 27
88 247
247 88
32 91
91 32
54 244
255 213
64 33
33 64
25 163
163 25
26 22
22 26
239 19
19 239
53 227
80 209
209 80
248 155
176 293
293 176
284 94
94 284
226 176
176 226
221 106
106 221
230 127
127 230
168 256
256 168
284 124
124 284
201 277
37 206
206 37
254 201
201 254
190 291
291 190
89 164
89 21
25 149
149 25
193 297
297 193
141 180
249 271
271 249
146 292
292 146
19 152
152 19
107 35
173 248
248 173
21 190
119 103
103 119
236 289
289 236
71 16
16 71
98 256
256 98
59 72
72 59
295 159
159 295
90 215
215 90
284 164
15 171
171 15
159 210
69 203
203 69
113 143
143 113
292 202
202 292
150 69
69 150
206 245
245 206
162 233
233 162
223 30
30 223
181 276
235 276
216 276
276 195
134 276
37 276
262 276
102 276
272 276
276 286
23 276
174 276
80 276
274 276
28 276
115 276
189 276
185 276
95 276
146 276
9 276
155 276
237 276
1 276
64 276
69 276
268 276
141 276
256 276
276 244
257 276
264 276
40 276
49 276
121 276
233 276
176 276
255 276
228 276
276 186
149 276
171 276
246 276
249 276
276 227
54 276
46 276
294 276
39 276
276 108
150 276
22 276
45 276
273 276
251 276
113 276
81 276
293 276
276 78
148 276
275 276
214 276
34 276
123 276
276 12
283 276
276 116
287 276
232 276
259 276
153 276
276 169
48 276
166 276
76 276
135 276
16 276
147 276
295 276
79 276
276 133
111 276
196 276
47 276
32 276
173 276
90 276
112 276
74 276
110 276
154 276
261 276
201 276
31 276
57 276
132 276
298 276
161 276
138 276
202 276
224 276
10 276
236 276
276 128
100 276
178 276
263 276
124 276
170 276
125 276
62 276
140 276
260 276
2 276
183 276
139 276
17 276
136 276
93 276
220 276
82 276
177 276
61 276
18 276
206 276
266 276
280 276
226 276
52 276
241 276
5 276
248 276
193 276
85 276
7 276
105 276
151 276
276 43
243 276
59 276
175 276
276 120
205 276
103 276
145 276
258 276
197 276
252 276
11 276
143 276
218 276
66 276
276 84
38 276
182 276
276 180
92 276
234 276
160 276
101 276
277 276
127 276
70 276
109 276
209 276
211 276
87 276
152 276
187 276
240 276
73 276
89 276
297 276
276 219
104 276
281 276
158 276
107 276
239 276
221 276
200 276
118 276
29 276
4 276
55 276
164 276
254 276
276 279
13 276
288 276
276 14
25 276
44 276
33 276
242 276
24 276
41 276
213 276
278 276
56 276
67 276
163 276
276 210
159 276
276 165
19 276
97 276
276 60
217 276
3 276
198 276
126 276
192 276
250 276
276 20
