286 646
180 46
46 180
221 115
115 221
130 49
49 130
234 93
93 234
38 18
18 38
191 239
239 191
247 123
123 247
11 244
244 11
100 165
165 100
190 146
146 190
110 125
125 110
196 157
157 196
178 171
171 178
58 36
80 134
97 270
270 97
169 104
104 169
218 107
107 218
243 51
51 243
157 132
132 157
16 66
66 16
11 2
2 11
19 1
1 19
87 163
163 87
272 154
154 272
53 11
10 115
110 192
224 156
156 224
27 223
223 27
78 67
67 78
249 223
223 249
114 36
36 114
148 213
101 250
250 101
126 116
116 126
233 58
58 233
242 111
109 11
11 109
117 47
47 117
229 279
279 47
47 279
103 74
74 103
228 178
178 228
259 102
102 259
65 272
145 16
16 145
262 125
84 108
108 84
107 158
158 107
278 33
235 201
201 235
271 250
250 271
219 66
195 240
240 195
27 24
24 27
127 15
15 127
5 225
225 5
195 168
168 195
41 70
70 41
170 48
48 170
214 226
226 214
41 221
80 177
177 80
125 40
40 125
149 198
198 149
235 228
228 235
115 180
180 122
180 231
180 189
180 256
3 180
168 180
180 277
234 180
97 180
180 194
207 180
180 275
75 180
106 180
174 180
180 55
268 180
229 180
227 180
261 180
180 23
180 67
63 180
272 180
27 180
82 180
266 180
64 180
180 264
180 11
20 180
278 180
180 132
239 180
180 156
283 180
180 96
91 180
180 74
158 180
52 180
180 269
153 180
180 178
180 171
242 180
180 83
180 187
180 38
84 180
180 37
180 258
180 99
57 180
100 180
102 180
180 39
182 180
180 58
48 180
43 180
257 180
180 92
51 180
180 113
220 180
180 208
176 180
180 155
180 62
180 116
180 126
180 197
180 198
200 180
180 30
180 244
219 180
15 180
180 202
53 180
180 101
180 161
66 180
24 180
180 13
152 180
180 54
4 180
210 180
180 35
180 284
8 180
180 151
180 225
180 199
180 114
180 204
180 117
180 267
180 265
10 180
180 17
180 95
253 180
180 42
180 105
180 196
180 190
193 180
136 180
9 180
180 135
118 180
180 121
71 180
180 6
180 89
127 180
72 180
180 128
90 180
180 80
249 180
180 142
232 180
282 180
255 180
180 192
173 180
154 180
181 180
180 276
213 180
180 226
180 146
22 180
180 250
180 137
180 247
180 18
159 180
180 183
33 180
180 140
180 286
180 149
243 180
180 141
81 180
180 177
216 180
180 262
180 211
180 88
206 180
230 180
180 2
133 180
129 180
79 180
28 180
180 237
180 25
180 160
180 40
180 61
16 180
94 180
180 186
180 241
281 180
162 180
166 180
180 138
180 143
119 180
180 163
170 180
85 180
180 248
180 123
180 29
180 112
73 180
180 87
180 251
130 180
180 125
150 180
19 180
26 180
180 217
147 180
167 180
209 180
180 280
32 180
180 184
169 180
120 180
1 180
180 246
180 7
108 180
111 180
180 139
180 236
185 180
34 180
180 131
180 245
180 228
86 180
180 235
49 180
254 180
12 180
180 60
180 47
180 271
180 222
68 180
259 180
98 180
180 215
240 180
76 180
180 44
180 69
164 180
65 180
50 180
218 180
180 188
77 180
93 180
180 179
205 180
180 31
180 260
180 273
263 180
14 180
175 180
180 59
238 180
144 180
124 180
180 203
285 180
180 56
172 180
180 212
180 45
180 252
180 21
180 274
176 46
46 137
77 46
46 258
46 83
46 231
94 46
46 199
164 46
46 11
46 177
46 151
46 47
133 46
46 42
4 46
10 46
46 125
46 55
46 140
232 46
46 269
43 46
106 46
46 74
185 46
108 46
173 46
46 224
76 46
46 236
46 88
129 46
281 46
46 189
150 46
266 46
249 46
268 46
46 201
26 46
167 46
46 103
46 157
216 46
46 163
53 46
46 114
46 126
162 46
46 18
57 46
46 139
90 46
46 109
71 46
98 46
46 78
51 46
229 46
46 198
148 46
46 241
46 45
46 275
46 267
46 252
1 46
46 273
261 46
46 116
46 135
221 46
46 105
93 46
46 67
278 46
254 46
210 46
46 279
182 46
234 46
175 46
46 246
20 46
46 247
46 190
263 46
19 46
46 30
49 46
118 46
34 46
46 39
191 46
46 89
46 128
79 46
15 46
46 92
84 46
46 203
16 46
73 46
46 99
130 46
257 46
127 46
119 46
12 46
46 69
46 215
104 46
46 211
46 186
46 113
8 46
115 46
46 256
46 274
46 58
50 46
65 46
46 260
242 46
46 202
46 21
46 142
46 121
193 46
154 46
33 46
46 248
46 160
46 204
32 46
46 17
209 46
181 46
46 208
64 46
46 87
52 46
218 46
46 251
168 46
144 46
46 29
46 31
206 46
46 96
124 46
46 235
46 44
46 280
46 13
46 56
100 46
220 46
46 131
283 46
145 46
174 46
75 46
102 46
46 122
97 46
46 2
46 264
259 46
166 46
219 46
46 226
46 6
46 265
46 245
28 46
91 46
238 46
48 46
111 46
82 46
46 286
170 46
27 46
46 277
46 179
46 228
14 46
46 37
46 60
46 225
46 143
46 138
46 233
46 23
46 141
85 46
72 46
3 46
70 46
207 46
86 46
46 123
46 161
46 62
153 46
46 5
223 46
46 54
46 101
46 222
46 25
46 156
46 262
46 250
147 46
66 46
46 178
81 46
172 46
107 46
200 46
285 46
46 7
46 237
46 276
9 46
46 112
255 46
159 46
22 46
243 46
120 46
46 196
46 184
240 46
46 212
46 59
165 46
253 46
41 46
46 95
230 46
205 46
213 46
46 214
46 197
46 194
46 40
46 188
46 183
68 46
270 46
227 46
46 187
46 155
24 46
46 217
136 46
46 61
282 46
63 46
46 35
46 284
152 46
