275 742
17 205
205 17
255 266
266 255
232 271
271 232
207 230
230 207
29 194
16 215
215 16
50 143
143 50
65 70
70 65
257 115
115 257
82 259
259 82
247 147
147 247
137 83
71 242
242 71
8 249
249 8
210 117
117 210
151 240
47 198
198 47
91 227
227 91
197 28
28 197
58 171
150 205
205 150
193 198
62 36
124 95
95 124
24 273
273 24
246 259
259 246
228 19
19 228
127 196
196 127
37 12
12 37
164 219
219 164
163 247
247 163
210 264
264 210
129 263
263 129
180 34
34 180
7 22
22 7
260 162
211 94
94 211
148 17
17 148
121 266
61 121
239 5
5 239
121 55
55 121
181 189
189 181
254 50
50 254
70 132
132 70
146 37
37 146
84 138
138 84
243 54
54 243
111 72
72 111
2 50
132 107
107 132
222 92
66 95
95 66
12 48
48 12
10 185
185 10
128 96
96 128
195 245
207 181
181 207
40 90
90 40
266 110
110 266
91 71
71 91
10 7
7 10
93 3
3 93
194 4
4 194
215 195
195 215
263 86
86 263
173 92
92 173
63 47
47 63
93 238
238 93
210 91
91 210
20 179
179 20
59 181
181 59
130 125
125 130
149 25
25 149
115 234
234 115
57 194
194 57
236 271
271 236
51 172
172 51
245 170
170 245
259 117
117 259
153 98
220 33
33 220
26 94
274 57
57 274
55 6
6 55
264 8
8 264
179 160
160 179
18 264
264 18
181 104
104 181
159 188
188 159
214 101
101 214
171 191
191 171
157 5
5 157
144 209
267 2
2 267
227 165
165 227
142 152
206 223
106 234
234 106
178 260
235 49
49 235
77 246
246 77
153 122
122 153
201 255
71 78
62 1
1 62
121 116
116 121
213 67
67 213
24 108
108 24
2 252
252 2
47 123
123 47
232 112
112 232
136 251
251 136
246 87
263 155
221 49
49 221
147 204
204 147
240 262
262 240
155 11
11 155
237 267
267 237
183 63
63 183
259 256
107 105
105 107
224 262
262 224
182 129
129 182
258 211
211 258
95 68
68 95
259 108
108 259
98 262
262 98
9 71
71 9
193 186
186 193
150 14
118 207
207 118
140 48
48 140
92 91
91 92
23 244
244 23
248 9
253 148
229 51
51 229
272 25
25 272
182 204
204 182
202 179
253 267
267 253
35 29
29 35
104 198
198 104
55 164
164 55
197 35
253 247
247 253
43 261
261 43
39 157
157 39
175 246
246 175
83 27
27 83
99 168
168 99
75 240
240 75
251 30
30 251
196 86
86 196
161 13
13 161
220 214
214 220
142 222
222 142
36 142
142 36
146 241
241 146
177 271
271 177
125 159
159 125
50 48
121 271
271 121
48 250
250 48
189 271
197 154
154 197
129 218
218 129
112 230
230 112
201 133
133 201
73 187
187 73
99 100
100 99
214 205
54 104
104 54
142 137
137 142
82 199
199 82
233 104
104 233
181 250
30 21
21 30
266 149
149 266
99 208
208 160
208 230
212 208
208 29
191 208
208 270
156 208
224 208
208 17
209 208
246 208
252 208
147 208
239 208
208 114
208 186
208 53
69 208
208 189
176 208
208 169
211 208
208 236
126 208
97 208
208 44
267 208
215 208
166 208
208 93
208 73
208 198
142 208
153 208
128 208
178 208
208 205
75 208
51 208
208 221
208 3
159 208
208 57
208 233
208 201
208 268
8 208
154 208
200 208
115 208
208 134
275 208
122 208
208 79
208 56
86 208
5 208
96 208
31 208
61 208
208 80
208 272
165 208
208 90
208 50
180 208
240 208
124 208
208 135
119 208
208 87
26 208
208 49
208 202
208 78
208 21
152 208
269 208
208 141
208 111
208 177
77 208
262 208
13 208
208 145
39 208
214 208
120 208
208 133
208 155
247 208
101 208
264 208
88 208
10 208
225 208
208 103
208 35
208 271
188 208
208 217
43 208
208 81
208 132
157 208
208 48
220 208
182 208
138 208
64 208
129 208
208 20
245 208
206 208
208 184
208 32
23 208
22 208
192 208
258 208
208 113
208 46
208 174
213 208
208 14
16 208
204 208
208 42
208 63
226 208
117 208
208 235
208 121
94 208
208 181
222 208
208 40
24 208
199 208
208 243
208 140
208 260
175 208
208 109
7 208
84 208
151 208
265 208
208 223
208 4
208 241
229 208
208 123
208 231
158 208
208 190
208 38
18 208
208 76
62 208
208 131
173 208
58 208
195 208
208 148
208 251
197 208
98 208
33 208
208 232
208 41
253 208
208 203
208 12
83 208
208 228
139 208
208 167
36 208
100 208
261 208
68 208
208 72
208 105
208 70
216 208
106 208
45 208
208 254
15 208
91 208
208 102
208 85
263 208
60 208
208 255
144 208
208 136
208 116
249 208
89 208
208 52
208 112
67 208
27 208
227 208
208 6
125 208
66 208
208 219
234 208
208 19
208 179
256 208
192 74
74 19
74 132
144 74
222 74
74 217
171 74
212 74
139 74
271 74
176 74
74 53
2 74
76 74
88 74
242 74
204 74
74 174
91 74
223 74
74 49
11 74
239 74
157 74
147 74
246 74
112 74
232 74
196 74
15 74
9 74
43 74
64 74
74 20
87 74
74 162
233 74
200 74
74 184
210 74
251 74
74 107
74 205
74 35
93 74
224 74
255 74
71 74
188 74
74 102
101 74
74 203
74 4
74 65
74 14
248 74
136 74
74 140
89 74
190 74
18 74
96 74
94 74
275 74
195 74
182 74
74 131
106 74
229 74
97 74
62 74
60 74
254 74
270 74
24 74
74 73
127 74
126 74
47 74
261 74
114 74
55 74
172 74
249 74
119 74
100 74
214 74
103 74
45 74
74 194
26 74
262 74
166 74
244 74
74 70
213 74
113 74
258 74
206 74
50 74
25 74
143 74
159 74
74 274
74 268
141 74
272 74
134 74
130 74
74 32
85 74
74 221
3 74
74 46
108 74
23 74
173 74
155 74
74 56
30 74
220 74
74 146
74 241
74 228
5 74
1 74
66 74
207 74
151 74
104 74
77 74
243 74
98 74
158 74
189 74
74 48
74 72
191 74
74 250
82 74
33 74
253 74
16 74
74 79
74 145
27 74
209 74
273 74
259 74
74 160
218 74
40 74
185 74
110 74
74 44
74 109
165 74
74 111
74 260
138 74
74 167
41 74
74 52
74 57
69 74
39 74
199 74
74 80
181 74
42 74
74 37
178 74
74 105
240 74
201 74
169 74
135 74
202 74
74 17
234 74
231 74
36 74
177 74
74 81
74 12
38 74
123 74
75 74
74 29
129 74
74 187
92 74
137 74
215 74
149 74
230 74
74 78
