292 856
10 217
138 33
33 138
291 221
221 291
269 52
52 269
138 185
185 138
139 149
149 139
228 4
4 228
62 166
166 62
74 205
205 74
256 6
6 256
92 105
160 147
147 160
138 82
82 138
139 224
224 139
269 276
276 269
261 162
162 261
17 196
228 189
189 228
89 246
246 89
63 285
285 63
251 97
97 251
216 270
268 20
20 268
291 161
161 291
151 89
89 151
19 136
136 19
129 239
239 129
5 202
202 5
35 188
188 35
188 203
203 188
32 110
110 32
290 280
280 290
114 96
96 114
35 94
94 35
80 284
284 80
80 105
105 80
87 236
236 87
43 61
227 159
159 227
75 238
238 75
113 208
223 89
89 223
289 184
184 289
164 202
202 164
119 182
182 119
237 106
106 237
112 84
84 112
105 178
178 105
88 93
93 88
202 108
196 211
14 134
134 14
3 80
80 3
175 133
133 175
243 96
96 243
44 272
80 203
203 80
252 239
239 252
173 144
144 173
37 120
120 37
287 184
184 287
92 1
1 92
103 197
197 103
95 24
24 95
149 154
104 117
117 104
118 209
209 118
57 141
90 20
20 90
181 61
61 181
41 119
119 41
270 232
60 59
59 60
2 103
192 30
30 192
145 279
279 145
187 72
72 187
155 95
95 155
100 274
274 100
280 276
276 280
170 163
238 79
79 238
22 145
145 22
111 252
291 151
151 291
174 151
151 174
59 70
70 59
173 273
273 173
74 42
151 274
274 151
12 233
233 12
45 138
138 45
157 249
71 98
98 71
235 44
44 235
70 246
246 70
104 121
121 104
173 251
251 173
34 71
71 34
99 97
97 99
206 219
113 151
151 113
262 87
87 262
238 236
189 176
176 189
13 30
125 133
133 125
247 99
99 247
276 87
87 276
216 267
170 40
40 170
229 98
98 229
128 153
50 12
185 42
42 185
267 254
254 267
17 281
106 23
23 106
31 144
144 31
18 145
241 168
168 241
81 188
188 81
245 75
75 245
93 113
113 93
190 50
50 190
292 252
252 292
86 154
154 86
89 96
96 89
283 151
151 283
42 128
224 177
177 224
249 91
91 249
284 250
49 197
197 49
163 23
23 163
216 218
218 216
170 28
28 170
253 244
244 253
221 227
227 221
266 183
183 266
101 190
190 101
225 206
206 225
150 204
204 150
17 170
221 278
278 221
260 221
221 260
137 108
108 137
165 61
61 165
235 252
21 240
240 21
152 264
264 152
127 185
185 127
224 166
166 224
282 285
285 282
259 153
153 259
9 222
222 9
269 123
144 33
33 144
8 75
75 8
175 26
26 175
255 143
143 255
48 275
275 48
55 61
290 112
112 290
132 15
15 132
30 132
132 30
34 33
33 34
212 245
245 212
95 49
49 95
165 252
252 165
213 40
40 213
40 94
94 40
235 205
220 6
6 220
75 19
146 230
230 146
203 60
145 66
174 22
22 174
164 201
201 164
50 116
201 229
229 201
66 52
97 94
94 97
219 265
133 168
168 133
197 264
264 197
77 155
155 77
189 140
140 189
197 68
68 197
235 5
5 235
158 4
4 158
36 51
51 36
168 86
86 168
99 5
5 99
136 55
55 136
61 210
210 61
108 64
64 108
110 96
96 110
201 129
129 201
43 46
46 43
97 263
275 115
200 241
249 43
43 249
264 205
205 264
216 60
60 216
162 102
124 283
283 124
93 249
38 112
112 38
240 178
178 240
6 53
53 6
193 1
1 193
258 196
196 258
182 96
96 182
56 128
128 56
146 53
53 146
61 91
91 61
127 54
54 127
158 103
103 158
196 52
52 196
252 255
98 1
1 98
102 220
220 102
117 144
160 51
26 264
52 80
48 25
25 48
262 170
233 292
292 233
18 160
160 18
85 29
29 85
100 164
146 10
10 92
187 10
10 33
10 100
10 165
172 10
8 10
177 10
53 10
10 83
10 279
287 10
36 10
10 138
10 87
10 39
171 10
10 123
10 249
116 10
10 76
10 135
10 206
10 272
10 60
10 25
139 10
10 40
67 10
10 35
10 271
10 68
10 115
215 10
10 248
10 70
10 113
10 153
126 10
10 11
10 66
10 109
149 10
214 10
234 10
10 88
10 269
10 282
256 10
107 10
10 99
10 106
10 267
10 191
10 197
121 10
10 52
10 235
10 225
257 10
10 144
10 213
10 292
10 124
2 10
204 10
10 15
10 27
10 114
10 244
220 10
147 10
10 20
195 10
10 134
10 281
10 82
10 74
10 198
10 120
10 250
10 94
10 264
166 10
10 189
10 157
10 78
131 10
10 169
10 290
154 10
50 10
10 194
10 45
10 192
10 91
10 22
10 59
10 286
10 4
17 10
10 246
122 10
10 247
10 253
10 105
10 284
10 130
10 170
10 32
10 19
102 10
10 173
10 236
10 93
10 205
142 10
10 48
10 263
10 111
10 55
86 10
10 81
10 291
10 243
200 10
10 164
10 207
224 10
65 10
10 242
26 10
10 203
62 10
47 10
10 285
261 10
75 10
10 174
10 183
10 199
10 103
16 10
10 181
10 208
10 46
10 216
10 77
10 231
10 112
10 85
10 201
10 179
10 43
10 127
222 10
10 178
241 10
10 180
10 56
58 10
10 258
10 69
10 185
186 10
10 233
10 237
10 3
10 84
10 268
10 163
10 118
156 10
10 30
10 71
133 10
10 24
10 38
288 10
10 13
10 141
10 61
10 98
150 10
117 10
10 202
10 5
125 10
10 148
226 10
10 280
10 273
10 211
10 277
10 128
73 10
10 14
289 10
9 10
10 218
101 10
238 10
10 110
10 132
10 266
10 167
10 57
10 49
10 7
10 21
10 255
195 217
217 41
217 32
217 49
9 217
217 188
156 217
217 164
217 30
217 88
217 163
217 274
217 253
175 217
217 202
289 217
168 217
171 217
217 281
217 197
217 167
217 4
217 28
217 69
217 29
217 173
217 76
217 63
257 217
217 100
117 217
217 20
217 248
215 217
217 130
217 132
217 174
288 217
217 55
50 217
217 39
186 217
217 210
217 66
217 106
217 194
190 217
217 225
217 19
217 33
217 264
245 217
217 11
217 223
150 217
217 34
79 217
217 96
217 25
149 217
6 217
217 43
154 217
217 59
217 60
217 155
217 135
217 290
217 82
217 247
217 268
217 119
217 138
217 206
65 217
217 249
217 258
217 127
121 217
217 45
75 217
2 217
217 270
217 111
72 217
217 143
217 227
217 109
217 23
217 95
217 198
217 277
217 128
101 217
142 217
230 217
217 269
217 213
217 236
217 37
214 217
217 27
217 235
217 134
212 217
217 179
217 262
217 192
217 178
217 24
217 21
217 42
217 144
200 217
217 209
217 85
131 217
241 217
217 170
17 217
217 152
217 1
116 217
217 123
217 22
217 83
217 157
217 278
217 148
217 92
47 217
217 233
18 217
217 231
217 191
217 112
102 217
217 259
220 217
217 254
217 87
217 246
256 217
226 217
104 217
217 251
184 217
217 207
217 7
217 78
217 275
217 140
217 13
107 217
217 285
217 89
238 217
217 189
51 217
217 242
217 105
222 217
217 283
62 217
217 273
217 252
217 137
217 228
217 199
217 239
217 193
217 70
217 280
122 217
217 12
217 255
217 151
217 221
217 99
217 35
217 265
217 108
217 216
217 218
217 208
53 217
217 141
217 169
217 118
16 217
217 181
217 115
73 217
217 80
217 57
234 217
261 217
133 217
217 260
217 183
217 286
58 217
146 217
217 74
67 217
36 217
217 114
224 217
217 120
126 217
217 266
217 229
217 103
26 217
217 54
217 282
217 5
166 217
217 153
217 124
172 217
217 176
217 271
217 180
