289 546
215 117
252 52
52 252
40 120
120 40
248 31
31 248
248 202
202 248
148 144
144 148
81 88
76 223
223 76
44 18
47 260
260 47
30 141
141 30
274 96
96 274
166 181
181 166
128 254
215 239
183 215
215 184
215 81
24 215
286 215
53 215
215 220
177 215
215 31
215 20
215 41
180 215
99 215
29 215
215 222
126 215
215 287
6 215
215 253
215 243
215 111
215 173
215 179
67 215
237 215
187 215
145 215
165 215
215 172
215 50
215 122
260 215
215 209
138 215
151 215
215 171
241 215
215 19
215 46
204 215
156 215
193 215
215 54
22 215
107 215
215 164
215 248
215 131
215 86
208 215
215 73
108 215
215 98
215 279
161 215
215 16
215 143
175 215
215 43
215 75
214 215
27 215
215 268
84 215
133 215
215 186
28 215
215 242
59 215
174 215
215 96
215 213
215 185
227 215
114 215
215 240
215 228
215 134
215 254
8 215
215 35
215 141
215 210
44 215
215 194
263 215
163 215
215 231
215 262
182 215
215 105
200 215
80 215
230 215
215 189
215 23
215 218
215 155
215 152
215 188
215 55
215 192
215 246
215 116
215 265
215 88
110 215
104 215
215 256
215 95
215 127
215 159
215 277
102 215
234 215
215 223
129 215
63 215
167 215
215 93
47 215
132 215
215 45
64 215
146 215
70 215
215 74
215 125
215 128
120 215
215 264
215 137
215 71
215 196
215 58
215 245
215 153
255 215
259 215
215 212
147 215
215 201
221 215
97 215
266 215
215 42
215 79
100 215
215 251
215 235
276 215
215 157
215 121
9 215
215 10
77 215
270 215
257 215
66 215
150 215
82 215
199 215
197 215
284 215
278 215
215 2
169 215
215 91
215 7
215 34
51 215
215 112
57 215
1 215
15 215
215 168
215 60
215 281
94 215
215 109
232 215
190 215
215 191
49 215
48 215
3 215
250 215
36 215
130 215
215 115
215 258
176 215
5 215
144 215
216 215
215 90
215 12
215 14
215 198
68 215
215 61
215 154
215 52
226 215
215 207
215 271
215 170
283 215
181 215
215 244
215 217
215 289
38 215
215 219
215 89
26 215
224 215
215 140
123 215
215 274
37 215
215 83
195 215
40 215
215 273
18 215
215 233
33 215
236 215
215 229
238 215
215 39
124 215
215 62
282 215
215 69
135 215
206 215
215 85
215 252
215 103
106 215
142 215
215 247
215 65
11 215
56 215
215 285
32 215
205 215
261 215
148 215
211 215
136 215
215 269
215 225
215 87
215 162
215 160
149 215
215 72
215 119
203 215
215 113
215 30
13 215
215 4
178 215
272 215
215 78
17 215
25 215
158 215
215 118
280 215
267 215
249 215
101 215
139 215
215 21
215 92
215 202
288 215
215 275
256 117
136 117
212 117
140 117
117 179
68 117
44 117
42 117
236 117
56 117
155 117
19 117
117 23
258 117
80 117
203 117
130 117
117 4
1 117
117 153
117 275
117 137
222 117
259 117
54 117
117 116
25 117
117 60
246 117
117 231
117 228
18 117
206 117
254 117
238 117
121 117
199 117
283 117
180 117
74 117
141 117
224 117
120 117
117 229
117 41
117 240
106 117
117 75
117 220
104 117
133 117
55 117
117 125
117 95
37 117
117 58
148 117
117 34
117 218
117 122
117 210
117 252
117 162
157 117
30 117
169 117
207 117
78 117
91 117
83 117
117 90
117 196
117 143
84 117
117 111
24 117
173 117
144 117
171 117
289 117
117 105
117 109
172 117
152 117
53 117
226 117
270 117
112 117
154 117
156 117
117 113
117 247
117 20
98 117
108 117
186 117
250 117
32 117
149 117
126 117
164 117
94 117
177 117
17 117
193 117
280 117
21 117
214 117
14 117
146 117
77 117
117 16
57 117
93 117
115 117
117 127
131 117
147 117
134 117
66 117
39 117
117 248
117 7
195 117
182 117
160 117
51 117
227 117
142 117
63 117
11 117
117 242
117 10
274 117
166 117
117 269
76 117
117 217
5 117
243 117
117 79
101 117
85 117
117 219
197 117
88 117
279 117
145 117
265 117
2 117
117 271
251 117
253 117
99 117
117 31
117 159
117 46
26 117
117 62
86 117
285 117
287 117
204 117
50 117
278 117
151 117
286 117
117 185
35 117
117 61
6 117
117 168
176 117
97 117
132 117
117 239
277 117
170 117
264 117
117 65
117 52
213 117
117 45
230 117
119 117
117 103
72 117
117 273
161 117
263 117
47 117
102 117
178 117
234 117
64 117
163 117
139 117
288 117
117 225
117 89
43 117
117 281
100 117
188 117
117 69
117 184
117 192
117 118
261 117
117 268
92 117
187 117
117 73
117 201
262 117
117 71
117 245
117 189
150 117
282 117
3 117
117 233
114 117
59 117
117 12
244 117
216 117
117 194
27 117
22 117
235 117
117 202
117 191
87 117
198 117
237 117
117 209
