290 979
173 205
205 173
144 29
29 144
143 235
235 143
285 286
286 285
5 52
52 5
117 219
220 226
226 220
133 255
255 133
260 259
259 260
43 104
104 43
66 81
81 66
138 193
193 138
251 147
90 277
277 90
55 97
97 55
195 150
150 195
99 242
242 99
274 43
43 274
285 253
255 16
175 72
72 175
82 270
270 82
166 286
286 166
24 23
23 24
193 130
130 193
138 238
238 138
96 4
4 96
268 240
240 268
26 106
106 26
197 191
191 197
196 143
143 196
38 213
213 38
98 265
265 98
208 31
31 208
76 86
86 76
240 60
60 240
22 218
218 22
127 209
209 127
279 32
32 279
277 61
61 277
279 248
248 279
182 227
227 182
108 88
88 108
144 152
152 144
52 26
26 52
108 221
221 108
166 61
61 166
189 197
197 189
250 193
65 15
200 233
233 200
79 68
33 8
8 33
81 72
158 235
235 158
5 232
232 5
67 58
58 67
191 202
202 191
175 7
10 164
164 10
207 112
112 207
52 233
233 52
21 189
255 151
151 255
285 227
227 285
250 223
49 90
90 49
257 174
174 257
138 256
256 138
97 134
134 97
184 113
113 184
157 150
252 28
28 252
62 224
224 62
61 18
18 61
123 116
116 123
68 63
63 68
278 136
136 278
275 117
18 192
192 18
76 229
229 76
273 49
49 273
218 281
281 218
250 262
262 250
133 274
274 133
9 49
253 138
138 253
97 275
275 97
73 140
140 73
212 152
152 212
216 45
45 216
180 124
124 180
229 93
93 229
45 28
28 45
82 195
195 82
218 70
70 218
191 235
147 137
137 147
122 104
52 249
249 52
189 191
84 217
217 84
275 276
276 275
46 255
255 46
39 106
205 12
134 193
193 134
84 175
175 84
8 10
10 8
32 178
178 32
88 62
89 75
75 89
35 180
180 35
163 223
223 163
232 66
66 232
148 59
180 93
255 94
94 255
177 67
67 177
25 154
154 25
160 271
175 204
206 208
26 288
288 26
152 200
200 152
205 165
165 205
73 225
225 73
290 100
100 290
84 185
185 84
241 247
247 241
61 36
36 61
90 142
142 90
150 77
77 150
156 2
88 270
288 1
1 288
62 86
262 275
275 262
103 62
62 103
243 143
143 243
24 252
252 24
288 182
83 214
214 83
16 75
75 16
239 131
131 239
134 75
75 134
227 24
24 227
164 204
204 164
65 236
110 132
132 110
84 100
100 84
150 103
103 150
103 76
76 103
78 70
70 78
32 71
71 32
46 100
100 46
18 100
100 18
290 38
5 121
156 3
3 156
99 276
276 99
111 252
252 111
237 125
125 237
188 129
129 188
233 41
41 233
166 263
258 168
168 258
75 119
119 75
103 207
59 103
103 59
11 58
58 11
218 101
101 218
238 248
248 238
290 75
75 290
195 119
119 195
115 87
87 115
75 17
17 75
11 132
132 11
215 10
10 215
240 32
287 276
8 4
4 8
240 198
208 225
225 208
50 52
52 50
144 288
288 144
106 285
98 253
253 98
229 221
221 229
192 155
155 192
272 15
15 272
113 182
182 113
162 266
266 162
284 201
279 153
153 279
131 270
270 131
163 179
190 162
162 190
148 58
58 148
290 96
139 58
58 139
273 6
6 273
24 146
146 24
141 144
71 141
141 71
20 207
207 20
112 192
192 112
129 21
231 248
248 231
257 221
221 257
83 242
242 83
42 39
39 42
117 111
146 8
8 146
110 134
134 110
82 205
205 82
39 280
280 39
258 142
142 258
252 209
209 252
250 107
107 250
103 144
144 103
155 106
106 155
241 144
144 241
177 174
174 177
1 48
48 1
210 184
184 210
156 141
141 156
133 183
183 133
271 40
40 271
2 129
129 2
289 33
33 289
107 3
3 107
277 264
264 277
262 5
5 262
235 91
198 41
67 23
23 67
99 210
210 99
43 211
210 192
192 210
49 262
262 49
2 124
124 2
38 172
172 38
156 135
135 156
6 158
158 6
18 271
271 18
2 193
193 2
207 79
79 207
120 8
8 120
123 11
11 123
114 231
231 114
75 262
78 26
91 96
96 91
3 257
257 3
148 264
264 148
36 203
203 36
189 272
272 189
178 249
249 178
221 254
254 221
105 90
90 105
181 217
116 83
83 116
115 9
9 115
289 124
124 289
25 251
251 25
34 216
216 34
275 95
95 275
175 60
60 175
70 225
225 70
125 35
186 213
213 186
163 257
257 163
75 146
146 75
164 127
127 164
205 175
175 205
224 260
260 224
162 188
188 162
115 170
170 115
260 1
1 260
164 67
67 164
150 236
236 150
21 123
278 33
33 278
191 55
55 191
247 83
83 247
58 30
30 58
158 115
115 158
78 77
77 78
17 280
280 17
135 271
271 135
135 119
119 135
226 203
203 226
233 118
118 233
108 9
9 108
164 21
21 164
28 49
49 28
24 110
110 24
132 267
172 41
219 64
64 219
37 93
93 37
45 135
135 45
41 75
75 41
170 134
134 170
4 122
122 4
165 140
140 165
48 217
217 48
196 10
10 196
53 198
198 53
278 21
21 278
11 69
24 137
137 24
243 107
107 243
41 169
274 85
85 274
131 124
18 178
80 167
167 80
230 64
116 249
249 116
271 38
78 184
63 234
59 107
107 59
231 289
289 231
10 132
132 10
16 201
201 16
161 174
161 44
161 97
161 118
14 161
161 3
161 54
161 127
161 165
161 283
161 129
161 286
161 117
65 161
161 88
161 271
161 180
161 5
161 243
154 161
161 111
161 36
161 55
161 268
161 152
161 247
161 178
161 198
161 289
161 196
161 264
161 263
161 226
161 87
161 51
161 124
161 168
161 106
161 77
161 33
161 245
161 202
161 9
161 275
161 70
161 194
161 278
161 68
161 184
160 161
161 46
161 123
161 151
161 185
161 134
161 61
161 199
230 161
161 204
161 224
161 156
161 76
92 161
161 218
161 58
161 277
161 241
161 274
161 282
161 140
161 208
161 280
161 15
126 161
161 229
161 239
161 133
161 45
161 189
161 60
161 183
161 172
125 161
161 128
161 190
161 31
167 161
161 290
145 161
161 176
161 85
161 131
161 205
161 212
27 161
269 161
161 121
161 219
161 89
161 228
161 135
161 24
161 91
187 161
161 255
161 225
161 35
161 136
161 220
161 13
161 63
161 43
161 259
161 56
161 254
161 284
244 161
161 64
161 216
161 163
161 221
161 50
161 211
161 116
161 120
161 270
161 258
161 242
161 203
161 11
161 210
161 262
161 22
161 107
161 206
161 38
161 108
161 188
161 273
161 37
161 288
161 98
251 161
287 161
161 130
161 246
161 138
161 157
109 161
161 146
161 261
161 112
161 73
161 2
161 74
161 69
161 236
102 161
181 161
161 53
161 67
161 142
161 4
161 93
161 276
161 84
161 19
161 159
161 141
161 20
161 150
222 161
161 71
161 207
161 103
47 161
161 186
161 23
161 231
149 161
161 169
161 171
161 1
161 147
57 254
57 34
57 81
57 68
57 277
57 77
57 26
57 193
109 57
57 16
57 144
57 271
57 218
57 117
57 67
57 66
57 253
57 143
57 111
102 57
181 57
57 93
57 288
57 76
57 260
57 198
228 57
57 130
57 262
57 284
57 48
57 219
57 201
57 42
159 57
57 207
57 243
57 28
57 225
57 4
57 46
57 266
57 210
57 220
145 57
57 265
57 97
57 71
57 235
57 252
57 233
57 177
57 22
57 35
57 156
57 289
57 234
57 150
57 175
57 216
57 69
57 165
57 120
57 113
57 151
57 3
125 57
57 263
51 57
57 112
57 153
57 188
206 57
57 12
57 273
157 57
57 58
57 155
57 108
57 64
57 236
57 18
57 107
57 43
57 274
57 250
57 37
199 57
54 57
57 290
57 122
57 180
57 87
222 57
57 52
57 204
245 57
57 134
269 57
57 115
80 57
13 57
57 24
57 106
19 57
57 200
57 270
57 11
57 15
57 95
57 75
57 171
25 57
57 83
57 195
57 44
57 36
57 166
57 119
57 141
57 49
92 57
74 57
57 240
57 116
261 57
57 194
57 202
27 57
244 57
57 241
57 152
57 239
57 135
57 283
57 169
57 229
57 178
57 164
57 61
57 90
57 84
57 232
57 70
57 101
57 286
57 138
57 184
57 179
47 57
57 6
57 30
57 140
57 192
126 57
57 63
57 209
57 248
57 214
57 91
57 148
57 215
230 57
57 205
57 264
149 57
57 282
57 133
167 57
57 7
57 40
57 217
57 176
57 285
57 255
57 89
57 33
57 249
57 158
57 163
57 146
57 173
57 196
57 170
57 186
57 59
57 73
57 212
57 259
57 128
57 162
57 226
57 139
57 21
57 276
57 227
57 110
57 99
57 20
57 246
57 56
