295 692
215 184
184 215
167 147
147 167
63 214
267 221
221 267
229 66
31 275
275 31
98 41
41 98
122 136
165 3
3 165
188 129
129 188
84 223
127 141
141 127
231 103
103 231
200 140
140 200
39 5
5 39
10 98
98 10
113 11
11 113
286 74
74 286
20 62
62 20
248 273
226 21
21 226
125 96
39 28
28 39
34 221
221 34
63 281
281 63
257 254
254 257
69 235
235 69
126 74
74 126
220 132
78 293
293 78
241 295
295 241
86 122
122 86
65 205
205 65
112 249
9 175
175 9
24 198
11 224
93 94
94 93
28 40
203 15
15 203
164 212
212 164
66 98
98 66
74 256
256 74
111 134
134 111
192 40
40 192
23 62
62 23
162 135
135 162
189 196
196 189
281 53
53 281
112 28
28 112
27 19
19 27
231 235
235 231
26 78
78 26
231 227
227 231
126 219
219 126
58 45
45 58
83 87
62 49
49 62
104 198
198 104
65 121
121 65
148 104
104 148
86 207
175 14
14 175
38 124
173 166
166 173
102 56
56 102
219 93
90 254
254 90
232 211
211 232
236 143
143 236
95 226
39 199
199 39
129 7
7 129
93 168
168 93
258 124
198 113
262 161
161 262
193 285
285 193
243 248
248 243
51 167
152 15
15 152
193 160
160 193
235 95
95 235
206 17
17 206
113 98
98 113
209 8
68 121
121 68
122 287
287 122
131 191
191 131
271 117
117 271
20 214
214 20
164 147
147 164
200 56
268 226
226 268
42 94
94 42
68 64
64 68
153 56
56 153
114 188
188 114
261 41
215 107
198 215
215 199
215 86
215 59
272 215
150 215
294 215
215 78
215 11
215 91
215 121
172 215
288 215
215 42
215 64
215 145
215 224
215 234
215 15
118 215
81 215
204 215
273 215
33 215
215 173
35 215
215 202
215 203
215 114
102 215
215 6
215 60
215 165
215 159
259 215
215 240
217 215
215 98
215 186
215 31
215 286
215 66
215 30
97 215
193 215
38 215
283 215
124 215
215 187
206 215
143 215
281 215
215 261
215 164
215 120
215 268
215 87
47 215
116 215
258 215
215 22
215 83
215 287
213 215
215 117
215 168
103 215
215 70
215 277
82 215
236 215
151 215
215 158
215 5
215 232
246 215
200 215
149 215
266 215
215 265
14 215
257 215
49 215
215 61
215 12
215 111
20 215
215 152
215 122
237 215
23 215
215 58
215 137
215 169
215 52
67 215
215 126
284 215
215 179
197 215
247 215
141 215
276 215
105 215
215 208
77 215
215 94
153 215
215 251
215 16
215 50
210 215
215 100
215 39
215 241
215 171
215 96
215 68
176 215
267 215
215 76
138 215
215 19
215 163
215 207
215 123
215 216
215 10
215 263
270 215
85 215
215 154
215 238
215 166
215 212
215 264
215 156
215 180
215 188
215 183
243 215
90 215
215 228
215 79
130 215
215 192
201 215
215 29
215 182
215 92
233 215
181 215
215 54
185 215
95 215
215 170
215 106
215 167
8 215
215 108
215 28
2 215
51 215
215 274
215 144
215 57
242 215
279 215
215 45
215 136
215 3
139 215
282 215
1 215
215 65
215 278
215 93
235 215
215 101
142 215
44 215
244 215
160 215
9 215
222 215
239 215
115 215
127 215
215 7
34 215
215 292
71 215
215 220
215 271
215 46
89 215
215 190
215 132
215 25
285 215
230 215
128 215
215 229
215 205
62 215
215 191
24 215
215 178
72 215
63 215
215 131
215 4
196 215
133 215
215 147
291 215
215 155
255 215
109 215
215 223
225 215
215 161
215 177
215 37
215 260
215 73
215 75
215 289
215 162
215 157
43 215
250 215
215 218
215 290
215 27
18 215
215 119
215 226
84 215
215 48
280 215
215 262
125 215
214 215
215 174
99 215
215 88
194 215
215 245
269 215
32 215
231 215
146 215
110 215
215 129
215 252
80 215
36 215
195 215
13 215
253 215
215 55
1 184
184 171
235 184
184 5
109 184
184 68
184 46
184 108
184 277
184 94
184 137
184 37
44 184
237 184
184 228
139 184
248 184
138 184
184 42
250 184
9 184
103 184
184 229
184 55
184 50
23 184
150 184
184 268
142 184
184 27
125 184
184 186
184 212
184 48
184 74
214 184
184 155
184 177
184 122
160 184
194 184
201 184
258 184
254 184
118 184
99 184
33 184
184 79
184 106
184 274
276 184
184 295
34 184
198 184
148 184
280 184
184 154
184 249
97 184
184 190
266 184
184 293
153 184
184 224
184 163
184 174
184 76
294 184
184 65
184 87
209 184
184 66
184 218
184 11
184 16
80 184
184 223
24 184
184 286
13 184
225 184
149 184
184 64
184 31
133 184
184 252
184 96
184 119
213 184
128 184
184 205
81 184
184 265
184 3
184 15
184 7
184 93
184 41
184 131
184 117
47 184
196 184
184 52
184 290
259 184
195 184
272 184
184 159
184 262
184 57
141 184
184 211
184 165
236 184
255 184
204 184
62 184
184 232
77 184
282 184
184 161
184 157
184 162
49 184
184 12
184 260
8 184
69 184
269 184
184 111
184 75
184 4
184 187
2 184
102 184
243 184
184 88
184 251
279 184
185 184
184 83
176 184
32 184
197 184
175 184
184 240
184 54
172 184
184 261
291 184
230 184
270 184
184 73
184 100
184 145
184 278
184 158
43 184
84 184
239 184
184 21
184 39
210 184
89 184
184 167
221 184
184 144
115 184
184 220
184 120
51 184
246 184
283 184
184 30
222 184
184 59
184 241
184 203
184 113
184 180
253 184
124 184
184 70
56 184
217 184
281 184
184 245
184 60
181 184
130 184
244 184
35 184
53 184
233 184
184 202
184 263
184 207
184 91
184 169
184 216
184 234
184 287
184 45
184 179
184 61
184 29
18 184
184 182
184 164
184 101
184 123
146 184
184 170
284 184
267 184
288 184
85 184
184 134
206 184
82 184
151 184
184 238
184 292
184 22
17 184
184 178
184 271
242 184
257 184
184 132
184 92
71 184
184 264
36 184
247 184
184 25
184 208
184 166
105 184
184 191
184 126
110 184
184 107
72 184
184 183
67 184
184 289
184 188
273 184
184 6
127 184
184 156
116 184
