271 464
67 64
64 67
131 174
174 131
211 38
38 211
178 189
189 178
13 263
263 13
23 151
151 23
199 14
14 199
61 58
58 61
248 122
122 248
137 189
189 137
122 153
153 122
139 98
98 139
153 129
129 153
174 168
168 174
33 111
111 33
41 3
3 41
85 147
147 85
28 75
75 28
194 224
224 194
240 230
230 240
53 259
221 199
199 221
162 172
172 162
18 181
29 254
254 29
89 235
235 89
167 30
30 167
142 228
88 31
221 226
226 221
176 115
115 176
61 235
235 61
11 58
58 11
195 231
231 195
141 46
46 141
96 98
98 96
211 201
237 25
25 237
246 238
133 16
206 183
183 206
128 43
43 128
188 37
157 22
22 157
165 253
253 165
217 152
152 217
255 105
105 255
40 197
154 164
164 154
125 128
128 125
126 200
200 126
152 160
266 107
107 266
222 113
15 220
220 15
59 237
237 59
35 201
201 35
36 259
259 36
29 189
16 19
205 189
189 205
161 81
81 161
88 142
142 88
102 153
153 102
215 169
169 215
192 178
178 192
23 132
132 23
231 9
9 231
193 16
16 193
201 247
247 201
115 157
157 115
31 125
125 31
70 58
58 70
144 264
264 144
265 132
132 265
154 158
197 195
195 197
5 228
228 5
12 32
32 12
29 55
55 29
147 113
230 223
179 154
154 179
187 179
37 55
55 37
143 3
3 143
212 86
86 212
125 201
201 125
110 182
182 110
13 185
185 13
237 222
211 107
107 211
167 245
245 167
64 10
10 64
77 98
98 77
166 180
180 166
251 54
54 251
14 184
184 14
19 167
167 19
234 223
140 208
208 140
244 84
84 244
79 157
157 79
149 200
200 149
34 237
237 34
65 151
151 65
73 171
171 73
250 69
69 250
225 254
254 225
261 197
197 261
261 67
67 261
29 227
137 97
191 196
196 191
102 129
129 102
86 246
246 86
14 186
186 14
164 146
146 164
187 134
134 187
130 252
252 130
132 78
78 132
25 236
236 25
51 104
104 215
104 168
104 102
256 104
254 104
104 67
104 41
151 104
144 104
104 96
50 104
192 104
198 104
186 104
104 62
226 104
104 177
104 90
20 104
23 104
138 104
136 104
104 261
92 104
104 235
104 211
5 104
104 16
133 104
121 104
71 104
37 104
104 17
160 104
83 104
104 7
180 104
14 104
126 104
130 104
104 118
227 104
265 104
213 104
109 104
104 140
104 197
36 104
119 104
205 104
104 169
85 104
46 104
104 2
104 143
127 104
217 104
104 131
104 250
104 26
104 73
104 107
60 104
104 95
8 104
104 24
104 72
104 125
104 176
150 104
57 104
104 244
104 61
104 115
104 208
91 104
93 104
104 43
97 104
47 104
108 104
255 104
104 84
81 104
53 104
104 113
18 104
269 104
104 28
27 104
104 56
239 104
104 223
104 103
104 110
142 104
173 104
104 231
104 76
104 11
154 104
212 104
264 104
104 263
99 104
104 122
104 249
233 104
104 38
59 104
262 104
104 139
135 104
104 196
104 185
104 101
114 104
204 104
206 104
104 219
132 104
104 9
104 241
104 64
230 104
237 104
178 104
104 190
240 104
159 104
104 15
188 104
146 104
48 104
104 214
104 145
104 155
66 104
104 167
137 104
257 104
222 104
74 104
104 58
203 104
224 104
104 182
104 174
104 77
104 10
104 220
104 94
104 238
202 104
44 104
104 258
124 104
270 104
104 163
148 104
243 104
156 104
104 39
104 267
65 104
141 104
54 104
187 104
104 69
12 104
271 104
104 165
104 162
105 104
228 104
42 104
104 45
104 98
104 123
179 104
251 104
104 268
104 75
104 245
104 195
104 218
194 104
100 104
181 104
34 104
104 68
104 111
104 209
104 210
104 1
104 158
104 79
104 172
104 82
32 104
80 104
104 63
104 40
104 117
207 104
236 104
104 13
120 104
104 128
104 21
104 170
87 104
104 112
104 116
246 104
104 253
260 104
183 104
104 232
147 104
225 104
104 70
104 266
104 234
152 104
104 3
104 49
216 104
104 106
134 104
104 89
199 104
175 104
6 104
4 104
104 30
229 104
200 104
104 52
242 104
