285 694
54 123
123 54
259 113
172 268
268 172
96 55
55 96
272 38
35 271
271 35
27 258
258 27
27 155
155 27
242 37
37 242
117 253
34 226
226 34
223 246
246 223
97 239
239 97
218 103
32 196
196 32
259 81
81 259
115 4
4 115
90 137
137 90
175 213
213 175
192 54
54 192
111 19
19 111
260 207
207 260
100 65
65 100
178 263
263 178
255 29
29 255
237 247
247 237
235 188
188 235
254 82
82 254
152 83
83 152
2 203
203 2
172 240
240 172
26 48
48 26
97 154
154 97
107 25
25 107
155 211
211 155
227 101
101 227
54 188
188 54
251 131
131 251
157 221
112 268
268 112
86 187
187 86
77 115
40 237
237 40
84 214
214 84
272 121
121 272
57 37
37 57
159 35
35 159
271 184
184 271
135 132
132 135
10 6
6 10
18 56
56 18
67 254
34 219
219 34
81 204
204 81
63 88
88 63
159 26
45 187
187 45
135 254
254 135
231 93
93 231
118 283
283 118
56 77
77 56
210 67
67 210
169 111
111 169
68 273
273 68
225 102
102 225
120 228
228 120
102 262
95 89
89 95
279 247
247 279
78 221
221 78
279 48
104 31
31 104
197 205
205 197
265 20
20 265
258 199
199 258
199 93
265 74
74 265
108 217
217 108
81 242
242 81
208 144
263 23
23 263
62 141
141 62
113 203
203 113
220 235
238 217
217 238
257 130
130 257
75 14
213 9
9 213
192 280
280 192
161 284
253 143
109 40
40 109
220 5
203 47
47 203
56 93
93 56
21 37
18 245
245 18
214 207
207 214
123 13
13 123
38 180
180 38
247 235
235 247
131 260
260 131
244 225
31 255
255 31
196 136
136 196
240 71
71 240
257 132
132 257
48 176
176 48
50 176
176 50
123 63
215 275
275 215
134 247
1 47
47 1
5 249
270 93
97 279
279 97
65 67
67 65
271 89
89 271
156 80
80 156
282 134
134 282
149 42
42 149
129 262
262 129
16 104
104 16
23 58
58 23
140 129
129 140
175 174
74 1
1 74
134 215
215 134
170 127
127 170
224 81
164 81
185 164
164 181
141 164
212 164
86 164
264 164
149 164
164 76
164 37
164 170
164 159
84 164
164 5
164 198
164 124
164 271
130 164
29 164
238 164
255 164
93 164
164 282
164 115
190 164
114 164
164 1
258 164
164 160
164 11
132 164
6 164
164 126
164 52
164 247
173 164
216 164
243 164
103 164
196 164
143 164
164 69
67 164
87 164
164 152
172 164
164 183
227 164
164 256
22 164
25 164
164 230
78 164
240 164
164 8
274 164
164 184
164 116
55 164
281 164
164 262
164 121
43 164
164 228
164 119
98 164
221 164
164 89
208 164
164 58
164 110
164 275
145 164
164 123
53 164
164 91
164 179
164 146
253 164
205 164
164 249
164 9
164 180
45 164
104 164
102 164
66 164
164 150
75 164
7 164
164 203
164 118
73 164
260 164
133 164
164 265
164 235
164 144
101 164
164 174
226 164
164 267
164 188
164 68
157 164
164 283
166 164
164 148
164 147
14 164
246 164
164 195
137 164
164 279
158 164
142 164
164 3
245 164
277 164
164 26
186 164
156 164
164 38
201 164
164 20
233 164
199 164
164 79
164 200
128 164
164 161
61 164
36 164
164 175
164 206
164 263
266 164
164 209
268 164
164 2
251 164
163 164
164 88
164 239
164 105
164 234
82 164
270 164
164 241
223 164
164 4
269 164
164 236
164 165
64 164
193 164
138 164
164 72
164 213
46 164
59 164
164 41
107 164
164 99
164 15
164 50
276 164
28 164
164 250
65 164
164 97
164 106
164 95
169 164
164 252
229 164
248 164
164 94
164 273
278 164
202 164
164 47
164 127
164 23
232 164
32 164
164 151
164 24
12 164
70 164
62 164
164 48
162 164
135 164
164 13
164 272
71 164
31 164
164 30
21 164
177 164
164 284
77 164
167 164
112 164
194 164
164 85
171 164
164 220
33 164
96 164
218 164
224 164
164 139
90 164
122 164
80 164
210 164
44 164
164 113
164 189
92 164
16 164
153 164
164 140
125 164
17 164
182 164
261 164
222 164
164 154
27 164
164 168
164 39
19 164
100 164
51 164
42 164
191 164
285 164
34 164
164 57
164 215
49 164
111 164
217 164
10 164
134 60
285 60
110 60
204 60
135 60
180 60
222 60
167 60
271 60
278 60
220 60
60 151
277 60
276 60
115 60
60 23
60 109
148 60
60 170
219 60
261 60
44 60
45 60
31 60
60 239
57 60
202 60
60 263
60 195
118 60
42 60
153 60
141 60
266 60
240 60
199 60
9 60
139 60
160 60
59 60
60 97
35 60
162 60
60 181
60 5
60 91
22 60
60 262
217 60
273 60
133 60
254 60
111 60
60 52
243 60
152 60
155 60
83 60
76 60
6 60
269 60
281 60
71 60
60 241
267 60
65 60
77 60
132 60
60 161
114 60
39 60
270 60
191 60
18 60
142 60
30 60
20 60
69 60
60 126
177 60
117 60
245 60
36 60
103 60
94 60
8 60
225 60
120 60
156 60
196 60
60 252
268 60
182 60
85 60
90 60
260 60
24 60
41 60
60 72
183 60
61 60
60 209
60 154
205 60
73 60
159 60
203 60
2 60
74 60
146 60
190 60
113 60
194 60
121 60
29 60
51 60
37 60
234 60
25 60
216 60
32 60
60 58
157 60
60 88
138 60
275 60
10 60
60 129
255 60
60 280
137 60
60 284
56 60
236 60
60 174
60 116
81 60
60 123
253 60
125 60
185 60
175 60
19 60
60 256
92 60
149 60
166 60
60 54
165 60
21 60
82 60
119 60
60 176
15 60
60 99
60 206
211 60
215 60
11 60
60 188
43 60
60 26
212 60
244 60
221 60
106 60
60 3
179 60
60 48
226 60
108 60
60 189
1 60
208 60
60 230
274 60
60 198
102 60
124 60
60 140
112 60
145 60
89 60
258 60
16 60
60 13
60 144
131 60
53 60
79 60
122 60
96 60
60 168
60 200
60 150
86 60
60 192
101 60
60 127
184 60
60 279
265 60
60 40
105 60
193 60
60 247
158 60
201 60
46 60
33 60
147 60
250 60
