289 1019
188 282
282 188
225 184
32 70
281 159
48 163
163 48
62 246
246 62
277 250
250 277
21 188
225 41
41 225
280 70
70 280
256 251
172 154
249 58
58 249
281 208
208 281
219 97
97 219
162 132
132 162
68 281
281 68
214 17
17 214
237 18
18 237
240 92
92 240
131 221
216 234
69 287
287 69
241 130
212 20
20 212
221 258
258 221
205 220
220 205
38 188
124 10
10 124
245 278
278 245
123 253
253 123
247 230
230 247
173 48
137 274
274 137
182 129
129 182
257 87
87 257
268 221
221 268
24 198
198 24
265 249
249 265
146 126
126 146
73 141
141 73
25 121
121 25
72 219
219 72
254 27
27 254
263 173
230 206
206 230
167 160
25 61
61 25
50 259
259 50
189 176
176 189
271 157
157 271
172 239
239 172
133 190
190 133
92 114
114 92
118 89
89 118
232 260
260 232
32 40
40 32
172 249
249 172
215 13
13 215
280 159
159 280
117 207
207 117
56 255
256 71
71 256
240 284
179 116
108 159
159 108
239 200
200 239
56 238
238 56
63 220
220 63
189 229
229 189
97 266
266 97
223 268
268 223
41 78
78 41
36 215
215 36
73 177
177 73
208 278
278 208
103 136
136 103
120 233
233 120
78 115
115 78
149 3
3 149
127 218
218 127
288 177
177 288
19 270
20 77
77 20
273 125
125 273
210 265
177 51
51 177
208 64
64 208
77 1
1 77
138 128
128 138
39 95
95 39
24 60
60 24
230 188
228 120
120 228
231 186
186 231
64 101
101 64
148 111
111 148
270 178
178 270
67 241
280 109
109 280
179 168
168 179
152 110
110 152
73 260
10 249
249 10
267 240
240 267
225 107
107 225
203 210
210 203
216 201
201 216
39 73
73 39
103 263
263 103
99 56
56 99
161 287
287 161
251 171
171 251
149 49
49 149
204 163
163 204
194 139
139 194
56 93
93 56
55 12
12 55
96 283
283 96
77 32
32 77
63 179
117 78
78 117
117 120
120 117
18 104
104 18
231 54
54 231
270 175
175 270
149 86
152 132
132 152
181 127
127 181
205 159
159 205
192 258
258 192
94 4
4 94
182 204
204 182
276 221
221 276
120 197
197 120
9 19
219 116
116 219
84 139
139 84
98 121
121 98
80 79
79 80
93 57
266 226
226 266
36 262
262 36
226 11
11 226
280 103
103 280
47 242
242 47
46 189
189 46
116 10
10 116
235 55
59 96
96 59
128 33
33 128
124 114
114 124
101 8
8 101
175 276
276 175
50 209
209 50
82 188
188 82
180 133
133 180
67 221
221 67
225 76
76 225
119 90
90 119
206 153
153 206
4 244
194 186
186 194
76 80
138 165
165 138
8 180
180 8
121 175
175 121
97 44
44 97
151 284
284 151
200 87
87 200
192 61
61 192
140 166
166 140
119 235
76 78
78 76
267 62
62 267
98 122
122 98
250 228
228 250
277 200
200 277
201 118
118 201
204 245
245 204
43 122
7 218
218 7
186 193
193 186
112 265
265 112
114 281
175 49
49 175
8 173
173 8
200 129
129 200
184 181
181 184
239 250
250 239
82 189
189 82
268 5
5 268
116 24
24 116
103 74
74 103
280 100
286 24
24 286
43 200
200 43
142 215
215 142
153 105
61 4
4 61
246 94
94 246
250 72
72 250
53 276
276 53
200 176
176 200
120 88
88 120
60 189
185 199
199 185
281 12
12 281
113 71
71 113
227 250
250 227
260 13
13 260
258 286
286 258
229 207
207 229
19 271
271 19
260 270
270 260
128 251
251 128
127 236
236 127
262 239
239 262
168 47
47 168
179 59
59 179
128 54
54 128
10 146
146 10
106 286
286 106
38 266
266 38
23 227
105 203
203 105
85 103
121 165
165 121
41 228
228 41
190 116
116 190
88 141
141 88
190 20
20 190
16 125
125 16
240 282
282 240
122 261
261 122
92 108
215 111
111 215
80 260
174 160
160 174
232 209
209 232
12 189
8 174
228 52
52 228
208 199
199 208
184 289
289 184
276 52
52 276
103 33
33 103
58 266
266 58
57 219
219 57
93 69
69 93
182 43
39 161
164 67
209 205
205 209
127 187
51 182
83 67
67 83
3 17
17 3
258 249
249 258
136 234
234 136
126 219
3 72
72 3
123 42
42 123
138 129
129 138
213 203
203 213
182 24
24 182
184 53
53 184
207 270
270 207
21 185
185 21
196 29
29 196
240 188
188 240
144 89
89 144
201 286
286 201
47 60
259 286
286 259
278 76
27 119
119 27
276 183
183 276
214 96
96 214
23 146
33 229
229 33
77 251
124 163
163 124
262 47
47 262
86 162
162 86
93 122
122 93
20 250
250 20
182 183
183 182
44 239
239 44
60 256
256 60
191 29
29 191
243 73
73 243
67 232
232 67
21 63
63 21
289 140
140 289
239 211
194 171
171 194
241 198
198 241
284 281
281 284
245 176
176 245
62 105
105 62
224 214
214 224
72 221
221 72
236 232
232 236
163 8
8 163
266 37
8 162
162 8
61 270
270 61
172 24
24 172
87 25
25 87
157 67
67 157
224 212
212 224
49 237
237 49
25 144
144 25
19 78
78 19
249 146
146 249
218 108
280 267
186 87
87 186
275 28
28 275
183 210
43 153
153 43
255 39
39 255
225 163
163 225
60 25
25 60
58 167
167 58
74 131
131 74
92 200
154 240
240 154
159 103
103 159
257 190
190 257
251 245
204 39
39 204
235 206
206 235
138 34
34 2
157 34
20 34
172 34
81 34
18 34
159 34
62 34
55 34
281 34
146 34
83 34
7 34
191 34
137 34
34 91
213 34
222 34
126 34
107 34
241 34
78 34
64 34
34 37
226 34
47 34
108 34
35 34
151 34
161 34
187 34
34 156
5 34
13 34
182 34
97 34
9 34
112 34
167 34
34 123
154 34
34 285
8 34
205 34
288 34
207 34
46 34
15 34
41 34
4 34
162 34
11 34
264 34
133 34
166 34
150 34
283 34
262 34
109 34
127 34
115 34
263 34
34 14
230 34
135 34
59 34
245 34
178 34
121 34
49 34
219 34
134 34
85 34
117 34
199 34
113 34
80 34
98 34
34 45
149 34
180 34
169 34
34 75
250 34
34 252
286 34
94 34
88 34
34 211
193 34
87 34
6 34
128 34
21 34
70 34
34 30
106 34
228 34
240 34
254 34
77 34
1 34
100 34
34 130
274 34
33 34
148 34
220 34
36 34
34 155
229 34
200 34
278 34
158 34
198 34
256 34
34 143
27 34
181 34
233 34
111 34
34 42
31 34
265 34
209 34
86 34
279 34
92 34
57 34
232 34
51 34
235 34
52 34
65 34
174 34
34 195
99 34
197 34
76 34
249 34
34 66
125 34
208 34
69 34
34 147
104 34
196 34
25 34
194 34
251 34
160 34
267 34
284 34
60 34
145 34
257 34
90 34
34 22
44 34
179 34
34 217
61 34
56 34
152 34
34 248
48 34
214 34
185 34
139 34
95 34
26 34
289 34
136 34
215 34
192 34
119 34
206 34
164 34
242 34
168 34
236 34
271 34
71 34
39 34
273 34
84 34
247 34
34 170
144 34
186 34
116 34
118 34
34 244
275 34
34 272
101 34
224 34
28 34
163 34
287 34
34 202
102 34
282 34
120 34
246 34
208 269
226 269
133 269
122 269
186 269
29 269
120 269
141 269
254 269
175 269
95 269
236 269
148 269
283 269
204 269
176 269
16 269
190 269
266 269
234 269
91 269
70 269
6 269
227 269
103 269
195 269
154 269
187 269
107 269
205 269
265 269
165 269
92 269
7 269
44 269
71 269
238 269
119 269
157 269
153 269
215 269
114 269
210 269
80 269
233 269
249 269
181 269
230 269
191 269
74 269
199 269
90 269
5 269
129 269
4 269
94 269
59 269
269 285
269 123
108 269
41 269
269 2
178 269
183 269
64 269
269 170
274 269
240 269
116 269
55 269
61 269
125 269
8 269
270 269
35 269
12 269
289 269
269 211
18 269
48 269
241 269
269 143
57 269
23 269
252 269
111 269
286 269
248 269
40 269
260 269
269 66
20 269
162 269
206 269
77 269
185 269
101 269
196 269
130 269
278 269
275 269
137 269
22 269
19 269
271 269
46 269
239 269
51 269
62 269
36 269
269 244
63 269
269 75
60 269
269 155
9 269
131 269
269 147
269 45
272 269
279 269
10 269
223 269
217 269
237 269
89 269
54 269
225 269
268 269
128 269
32 269
166 269
21 269
169 269
245 269
27 269
246 269
167 269
79 269
229 269
112 269
106 269
73 269
269 42
118 269
281 269
67 269
269 253
69 269
250 269
220 269
13 269
146 269
109 269
132 269
81 269
39 269
100 269
126 269
84 269
158 269
1 269
174 269
235 269
86 269
14 269
161 269
138 269
218 269
149 269
43 269
156 269
83 269
231 269
26 269
269 30
87 269
200 269
251 269
201 269
68 269
193 269
219 269
222 269
28 269
11 269
269 37
242 269
228 269
172 269
257 269
85 269
124 269
152 269
58 269
179 269
102 269
269 202
168 269
160 269
214 269
76 269
