271 860
233 119
119 233
154 32
32 154
136 206
206 136
140 110
110 140
200 176
168 195
195 168
182 218
218 182
152 4
4 152
34 263
116 119
119 116
225 74
74 225
266 232
232 266
238 121
246 114
114 246
143 47
47 143
238 77
77 238
144 34
34 144
266 37
37 266
221 240
240 221
100 256
256 100
176 242
242 176
67 133
133 67
169 223
223 169
217 187
86 192
192 86
5 58
58 5
78 47
47 78
252 221
256 165
165 256
210 248
248 210
85 105
196 68
68 196
130 263
263 130
29 183
38 55
55 38
20 10
80 240
240 80
222 105
105 222
172 257
257 172
39 200
200 39
178 19
59 79
79 59
269 112
112 269
225 122
122 225
233 206
206 233
211 11
159 59
48 173
173 48
145 47
47 145
1 56
56 1
253 59
37 39
39 37
26 116
75 248
248 75
49 257
257 49
223 109
45 147
147 45
15 256
256 15
183 87
87 183
161 12
12 161
73 26
246 61
248 55
238 267
267 238
59 151
74 119
43 133
133 43
130 125
24 212
81 249
238 41
41 238
191 271
121 216
216 121
108 258
258 108
140 218
120 42
118 32
157 53
53 157
261 111
111 261
211 182
165 71
71 165
137 163
163 137
101 84
84 101
59 98
98 59
33 263
263 33
86 248
248 86
101 229
229 101
150 264
18 270
270 18
33 180
180 33
265 196
196 265
243 151
151 243
168 82
82 168
259 227
227 259
177 113
113 177
192 117
117 192
47 132
132 47
159 47
47 159
270 231
231 270
213 157
157 213
145 14
14 145
242 92
92 242
63 220
220 63
65 76
150 174
174 150
201 36
36 201
128 249
249 128
143 22
22 143
237 199
199 237
91 104
43 59
59 43
48 135
135 48
162 213
213 162
122 39
39 122
185 121
121 185
81 196
196 81
6 200
200 6
239 162
184 46
46 184
38 223
223 38
137 65
190 204
204 190
196 163
163 196
91 122
122 91
213 136
136 213
63 88
88 63
5 161
161 5
186 241
241 186
28 91
91 28
203 163
163 203
178 222
222 178
3 67
67 3
48 91
91 48
210 254
254 210
75 34
34 75
163 58
58 163
33 173
173 33
79 111
111 79
55 91
91 55
259 170
170 259
209 136
20 73
73 20
163 204
204 163
61 36
36 61
193 121
198 82
82 198
165 41
41 165
250 10
10 250
51 232
123 124
33 227
119 4
4 119
109 32
32 109
119 33
33 119
31 168
168 31
43 214
214 43
115 247
247 115
117 265
265 117
41 116
116 41
56 49
88 21
21 88
144 177
177 144
47 19
19 47
192 161
223 226
226 223
247 267
267 247
159 63
63 159
33 2
2 33
21 90
90 21
195 33
198 258
258 198
225 254
254 225
121 67
111 60
60 111
64 98
98 64
83 42
42 83
87 74
74 87
7 166
166 7
97 234
59 45
199 45
59 216
216 59
56 34
34 56
191 163
163 191
93 139
139 93
172 144
144 172
188 20
210 160
160 210
95 114
114 95
253 267
267 253
231 171
171 231
106 256
256 106
242 106
106 242
60 238
192 189
189 192
140 7
7 140
234 142
142 234
125 201
201 125
148 153
153 148
107 259
259 107
247 164
164 247
173 232
232 173
191 81
81 191
74 71
213 250
250 213
95 202
202 95
200 26
27 73
73 27
249 193
193 249
141 187
187 141
228 198
198 228
104 2
260 227
13 75
75 13
267 83
83 267
75 73
73 75
8 14
14 8
177 128
128 177
28 24
24 28
76 56
56 76
240 111
169 262
262 169
97 83
83 97
184 220
220 184
143 192
192 143
132 193
193 132
132 85
85 132
61 188
14 234
234 14
114 195
195 114
67 61
61 67
137 49
235 206
206 235
229 16
16 229
252 168
168 252
223 96
96 223
164 71
71 164
198 184
184 198
19 226
226 19
237 251
251 237
120 125
125 120
91 33
58 48
48 58
48 106
106 48
107 98
98 107
62 95
30 152
152 30
101 152
152 101
235 246
152 177
177 152
219 226
226 219
63 246
246 63
54 31
31 54
251 221
110 193
193 110
223 220
220 223
173 189
189 173
145 106
106 145
32 207
212 211
211 212
228 254
36 164
33 62
62 33
17 10
10 17
245 145
145 245
194 175
175 194
111 199
199 111
126 131
131 126
167 139
139 167
197 74
74 197
27 149
149 27
92 157
157 92
96 153
153 96
26 92
92 26
248 65
98 215
178 26
26 178
234 191
191 234
206 227
227 206
205 126
117 136
136 117
169 2
2 169
245 130
130 245
31 140
140 31
233 83
83 233
270 136
136 270
238 152
152 238
176 79
79 176
63 152
152 63
31 133
133 31
58 116
116 58
229 208
178 201
245 266
266 245
219 212
78 17
17 78
214 208
208 214
247 242
242 247
252 18
186 106
106 186
25 57
57 25
122 80
80 122
268 27
137 252
252 137
74 123
123 74
232 186
186 232
128 66
66 128
80 225
6 4
4 6
11 260
260 11
207 255
77 260
260 77
172 38
38 172
15 2
2 15
28 253
253 28
149 70
70 149
124 134
134 124
271 179
179 271
7 181
181 7
227 88
88 227
205 11
208 202
202 208
65 174
174 65
266 132
247 228
228 247
162 151
151 162
116 174
174 116
46 66
208 182
182 208
75 260
260 75
98 235
235 98
224 154
154 224
33 39
39 33
59 175
175 59
218 204
204 218
236 48
266 210
210 266
140 133
133 140
98 188
188 98
170 231
231 170
63 126
126 63
162 26
26 162
270 168
4 263
214 233
233 214
92 236
236 92
203 116
116 203
7 146
146 7
245 236
48 144
82 134
134 82
97 148
148 97
79 91
91 79
42 7
14 116
116 14
189 262
262 189
62 35
35 62
85 41
41 85
113 210
210 113
98 210
210 98
29 264
264 29
57 141
141 57
126 168
168 126
93 140
140 93
196 131
131 196
177 127
127 177
195 209
242 202
72 201
248 249
249 248
242 70
54 55
80 105
105 80
127 66
159 85
85 159
202 12
12 202
118 103
103 118
6 166
166 6
110 148
148 110
236 25
156 109
179 183
183 179
73 94
94 73
147 40
40 147
194 263
263 194
32 129
132 129
71 129
174 129
1 129
14 129
128 129
129 102
209 129
42 129
254 129
184 129
82 129
108 129
266 129
120 129
129 230
83 129
46 129
47 129
104 129
181 129
33 129
129 187
136 129
118 129
199 129
202 129
39 129
196 129
157 129
255 129
72 129
249 129
117 129
88 129
81 129
197 129
112 129
16 129
179 129
190 129
198 129
73 129
77 129
9 129
253 129
113 129
247 129
223 129
268 129
26 129
51 129
5 129
129 99
123 129
66 129
101 129
231 129
10 129
229 129
241 129
269 129
195 129
12 129
252 129
138 129
119 129
98 129
44 129
173 129
206 129
49 129
36 129
177 129
211 129
235 129
270 129
76 129
147 129
257 129
262 129
219 129
240 129
15 129
62 129
61 129
100 129
84 129
58 129
180 129
243 129
19 129
175 129
89 129
59 129
53 129
67 129
69 129
96 129
189 129
95 129
145 129
248 129
18 129
70 129
129 25
78 129
226 129
158 129
233 129
154 129
258 129
234 129
40 129
217 129
236 129
48 129
7 129
204 129
29 129
146 129
135 129
109 129
111 129
205 129
56 129
129 23
121 129
271 129
178 129
41 129
213 129
97 129
201 129
94 129
130 129
153 129
245 129
134 129
264 129
200 129
24 129
251 129
35 129
207 129
171 129
186 129
91 129
50 129
129 244
148 129
218 129
129 52
6 129
188 129
122 129
13 129
75 129
169 129
164 129
2 129
265 129
129 57
31 129
172 129
143 129
155 129
203 129
238 129
45 129
156 129
86 129
90 129
215 129
261 129
127 129
