285 327
237 17
17 237
47 51
51 47
83 120
120 83
30 269
269 30
2 187
219 93
93 219
255 34
34 255
130 132
101 209
209 101
6 191
191 6
32 159
239 149
149 239
239 108
108 239
278 106
106 278
65 194
194 65
113 175
175 113
69 266
4 155
30 187
187 30
68 83
83 68
267 202
101 242
242 101
262 67
67 262
219 158
158 219
55 61
227 271
271 227
179 264
222 275
275 222
143 15
15 143
258 24
24 258
38 1
1 38
76 191
191 76
68 41
41 68
176 252
11 252
252 137
6 252
70 252
103 252
252 74
264 252
134 252
252 210
101 252
207 252
252 212
85 252
266 252
252 164
280 252
86 252
252 89
117 252
252 109
35 252
272 252
252 162
252 19
252 13
252 27
252 84
252 82
252 218
66 252
252 107
252 233
252 63
252 224
213 252
252 227
141 252
79 252
2 252
125 252
95 252
252 91
252 140
171 252
158 252
252 88
252 78
192 252
252 181
23 252
61 252
133 252
110 252
232 252
252 274
252 31
36 252
29 252
136 252
252 147
252 47
281 252
252 239
4 252
252 49
252 169
252 271
252 276
251 252
37 252
252 115
185 252
124 252
174 252
77 252
252 155
152 252
252 24
252 87
252 34
252 81
214 252
252 160
252 241
252 20
252 7
119 252
252 106
3 252
59 252
252 146
252 42
252 187
244 252
252 149
252 234
252 263
252 175
252 235
170 252
252 102
252 249
142 252
252 200
252 243
252 215
252 277
252 41
252 226
221 252
111 252
252 177
90 252
228 252
252 112
252 238
259 252
252 116
252 220
252 57
252 135
252 138
256 252
123 252
252 54
143 252
260 252
76 252
252 97
22 252
252 257
252 60
55 252
16 252
129 252
252 46
62 252
118 252
252 165
202 252
208 252
1 252
96 252
99 252
252 206
252 100
17 252
195 252
252 80
252 131
252 150
252 154
252 161
121 252
252 128
126 252
211 252
205 252
252 72
252 21
252 188
252 45
252 163
252 246
252 25
223 252
252 94
242 252
201 252
252 56
252 269
50 252
252 196
222 252
252 122
93 252
75 252
32 252
183 252
180 252
253 252
189 252
252 193
26 252
252 64
10 252
252 285
252 157
252 53
52 252
252 268
252 153
67 252
252 250
156 252
40 252
145 252
252 120
151 252
198 252
252 8
252 204
173 252
252 83
252 139
73 252
197 252
252 273
217 252
199 252
127 252
14 252
252 114
252 39
252 261
248 252
283 252
229 252
252 240
44 252
254 252
275 252
33 252
98 252
265 252
225 252
284 252
148 252
252 144
252 172
252 279
252 104
252 167
252 132
252 231
252 28
12 252
58 252
237 252
65 252
252 245
252 270
252 236
186 252
252 184
252 9
190 252
252 216
203 252
5 252
194 252
252 71
252 92
69 252
230 252
282 252
43 252
182 252
178 252
130 252
252 48
252 159
247 252
252 18
252 105
168 252
252 166
179 252
