299 610
58 154
253 120
120 253
59 93
93 59
281 256
256 281
29 101
101 29
145 159
159 145
109 8
8 109
267 85
85 267
118 120
120 118
231 224
224 231
246 153
153 246
54 74
74 54
149 25
221 114
129 134
134 129
219 242
242 219
210 34
127 200
200 127
48 108
260 202
202 260
71 236
234 245
245 234
27 21
21 27
94 283
23 82
222 190
190 222
188 250
250 188
32 203
203 32
126 270
270 126
72 284
284 72
248 167
167 248
81 53
53 81
17 196
196 17
257 53
53 257
274 3
246 132
132 246
255 7
7 255
194 137
137 194
135 229
229 135
144 244
101 172
172 101
246 200
200 246
214 263
189 263
263 189
246 169
50 253
253 50
278 207
207 278
16 13
13 16
235 213
58 202
88 58
241 58
84 58
142 58
58 156
58 26
58 233
187 58
58 292
293 58
58 195
58 61
58 244
127 58
144 58
22 58
150 58
52 58
229 58
58 167
198 58
70 58
63 58
58 128
133 58
58 197
237 58
58 45
58 281
69 58
276 58
105 58
58 81
199 58
271 58
242 58
124 58
138 58
58 257
58 12
58 1
255 58
58 149
58 214
83 58
71 58
58 264
58 9
58 201
58 76
267 58
58 270
58 141
58 30
58 253
58 220
33 58
182 58
227 58
58 169
171 58
93 58
82 58
24 58
66 58
266 58
259 58
58 245
58 210
10 58
58 157
58 47
29 58
44 58
232 58
58 115
75 58
58 298
58 260
41 58
58 74
58 216
132 58
58 112
4 58
294 58
58 176
58 35
68 58
58 80
101 58
58 277
85 58
6 58
23 58
32 58
73 58
211 58
58 268
79 58
109 58
228 58
95 58
116 58
13 58
153 58
147 58
117 58
246 58
208 58
21 58
58 40
58 175
58 139
17 58
238 58
58 126
58 19
58 212
58 137
170 58
58 186
58 193
272 58
99 58
58 102
58 288
58 185
58 179
58 239
58 34
58 54
247 58
58 183
5 58
58 243
58 104
58 231
62 58
152 58
106 58
158 58
58 123
58 56
258 58
275 58
58 265
94 58
58 279
103 58
58 295
58 248
58 283
289 58
58 31
58 218
72 58
58 14
58 38
58 121
58 148
87 58
58 174
58 28
223 58
296 58
58 111
58 48
178 58
20 58
196 58
16 58
60 58
3 58
58 18
58 189
55 58
58 125
58 77
58 263
254 58
236 58
129 58
177 58
58 98
143 58
191 58
184 58
36 58
58 206
284 58
151 58
219 58
140 58
58 118
58 89
58 269
287 58
249 58
286 58
58 86
58 180
278 58
262 58
58 136
96 58
190 58
58 11
291 58
215 58
58 122
58 188
37 58
164 58
114 58
58 57
58 192
58 100
58 181
58 146
90 58
27 58
274 58
160 58
58 46
51 58
2 58
110 58
78 58
240 58
204 58
59 58
173 58
58 165
58 297
58 92
162 58
58 285
145 58
58 217
58 194
58 230
163 58
58 224
58 15
58 282
49 58
97 58
58 225
58 65
58 39
58 250
168 58
290 58
91 58
107 58
131 58
119 58
58 120
58 273
67 58
58 53
58 113
159 58
134 58
58 205
8 58
58 299
161 58
58 64
58 166
251 58
58 43
58 50
58 42
58 234
226 58
58 130
135 58
58 252
58 280
58 213
261 58
209 58
155 58
58 235
172 58
154 218
255 154
141 154
266 154
56 154
131 154
252 154
250 154
212 154
43 154
246 154
4 154
90 154
154 120
154 50
111 154
154 273
290 154
46 154
236 154
256 154
124 154
154 268
7 154
154 126
69 154
173 154
154 239
154 77
38 154
27 154
229 154
199 154
284 154
154 165
201 154
203 154
33 154
222 154
154 189
92 154
280 154
137 154
154 100
227 154
233 154
154 265
230 154
158 154
154 42
76 154
294 154
204 154
21 154
154 231
70 154
235 154
171 154
55 154
154 183
248 154
177 154
44 154
125 154
238 154
112 154
154 283
215 154
192 154
140 154
188 154
185 154
154 34
26 154
182 154
106 154
213 154
2 154
138 154
25 154
154 128
154 57
91 154
286 154
80 154
154 15
154 40
154 179
193 154
154 104
287 154
154 156
288 154
79 154
108 154
89 154
237 154
277 154
154 197
242 154
68 154
74 154
181 154
99 154
257 154
35 154
269 154
154 253
72 154
130 154
154 224
169 154
154 195
14 154
154 205
143 154
161 154
217 154
154 115
295 154
221 154
276 154
184 154
223 154
194 154
41 154
281 154
95 154
154 263
186 154
127 154
66 154
17 154
154 260
20 154
154 31
154 11
278 154
174 154
22 154
61 154
240 154
154 245
163 154
297 154
148 154
149 154
133 154
220 154
154 146
117 154
154 202
154 299
154 270
8 154
225 154
123 154
216 154
78 154
154 1
53 154
298 154
103 154
154 19
154 102
136 154
12 154
9 154
39 154
45 154
154 176
244 154
209 154
154 234
16 154
167 154
134 154
243 154
139 154
113 154
292 154
144 154
154 214
232 154
208 154
93 154
154 47
154 264
114 154
164 154
154 65
154 64
48 154
261 154
121 154
147 154
51 154
259 154
18 154
154 166
154 175
154 28
142 154
154 279
52 154
36 154
81 154
86 154
154 157
258 154
30 154
207 154
187 154
82 154
282 154
122 154
49 154
54 154
178 154
285 154
107 154
159 154
210 154
87 154
206 154
83 154
151 154
23 154
154 118
168 154
116 154
13 154
154 98
154 180
228 154
71 154
73 154
