282 871
162 116
8 113
245 6
6 245
152 258
258 152
219 8
8 219
256 277
277 256
184 180
180 184
174 152
152 174
241 128
5 188
188 5
215 59
59 215
220 62
62 220
145 68
68 145
20 273
273 20
182 224
224 182
173 269
269 173
178 89
187 215
215 187
154 270
253 17
17 253
192 231
231 192
5 12
12 5
143 282
282 143
195 129
279 108
152 56
277 9
53 256
256 53
182 28
28 182
79 28
28 79
75 132
132 75
218 28
28 218
171 201
201 171
69 177
177 69
14 178
198 280
280 198
126 277
277 126
45 163
105 269
269 105
103 180
180 103
36 156
156 36
2 272
272 2
126 72
72 126
170 52
52 170
112 75
75 112
47 271
124 43
43 124
36 245
245 36
216 67
67 216
124 155
155 124
206 195
195 206
60 279
279 60
199 3
3 199
262 146
146 262
196 197
197 196
66 226
226 66
171 160
160 171
175 57
20 223
223 20
274 216
209 168
168 209
71 136
136 71
41 153
153 41
163 187
187 163
262 251
251 262
155 20
20 155
198 105
105 198
197 171
130 55
55 130
244 87
87 244
23 222
8 259
259 8
238 133
133 238
61 71
71 61
132 246
246 132
277 213
213 277
39 230
230 39
265 150
150 265
219 41
41 219
157 105
105 157
159 196
196 159
5 281
281 5
87 90
90 87
35 38
38 35
104 15
15 104
35 23
23 35
65 229
229 65
64 232
232 64
107 96
96 107
139 174
174 139
68 139
209 149
233 135
135 233
213 104
104 213
275 54
54 275
155 30
30 155
4 81
81 4
163 218
218 163
52 72
72 52
43 31
31 43
74 5
5 74
177 58
58 177
90 53
53 90
244 240
240 244
44 47
251 159
159 251
246 166
166 246
166 56
56 166
73 103
103 73
255 166
166 255
240 272
272 240
111 126
126 111
230 209
209 230
21 158
158 21
91 2
2 91
201 42
274 213
213 274
262 2
2 262
246 8
8 246
24 30
30 24
69 121
33 145
145 33
27 111
111 27
112 91
91 112
141 83
83 141
263 220
220 263
203 57
57 203
145 206
206 145
276 160
160 276
275 119
109 35
35 109
137 53
53 137
273 42
42 273
90 128
204 271
96 30
30 96
7 282
282 7
144 42
42 144
241 244
244 241
6 8
8 6
73 100
100 73
135 166
91 118
118 91
265 40
40 265
229 198
198 229
266 153
153 266
234 15
15 234
197 20
20 197
147 140
140 147
207 46
46 207
135 250
250 135
18 276
168 211
211 168
45 176
176 45
96 184
264 55
55 264
54 259
259 54
30 275
140 208
208 140
52 96
96 52
171 215
215 171
217 226
184 34
34 184
89 43
43 89
18 194
234 173
173 234
236 148
148 236
119 73
73 119
228 248
98 89
36 17
17 36
223 179
179 223
259 94
94 259
267 23
23 267
141 34
34 141
190 131
185 219
70 114
114 70
26 182
182 26
238 215
215 238
239 37
37 239
23 185
185 23
37 132
132 37
256 244
244 256
268 223
223 268
31 1
155 151
151 155
64 268
122 52
131 40
40 131
186 226
131 196
18 210
210 18
94 114
118 81
81 118
141 180
180 141
265 158
158 265
125 106
106 125
209 21
21 209
100 3
3 100
114 124
124 114
6 105
14 233
233 14
90 268
268 90
118 74
74 118
22 41
41 22
96 166
166 96
182 235
235 182
218 280
280 218
115 94
94 115
119 118
118 119
2 67
67 2
248 226
226 248
192 274
274 192
120 257
257 120
175 253
253 175
263 15
15 263
236 120
3 211
211 3
127 234
234 127
45 24
24 45
228 235
235 228
200 100
100 200
174 264
264 174
230 165
165 230
157 72
72 157
100 275
275 100
50 47
177 105
105 177
159 180
180 159
226 268
268 226
153 68
68 153
108 222
222 108
199 252
252 199
127 109
109 127
246 228
228 246
230 239
239 230
45 25
25 45
92 277
277 92
276 41
59 46
46 59
80 241
241 80
114 231
231 114
167 54
279 88
88 279
94 61
61 94
33 86
86 33
26 60
60 26
55 173
263 33
33 263
5 80
80 5
138 200
200 138
279 66
66 279
121 144
144 121
281 119
119 281
37 162
162 222
162 49
191 162
187 162
149 162
142 162
60 162
47 162
162 129
156 162
55 162
162 120
225 162
162 212
229 162
130 162
162 9
162 214
279 162
127 162
162 82
262 162
162 11
226 162
255 162
245 162
202 162
146 162
39 162
117 162
16 162
50 162
132 162
17 162
61 162
65 162
164 162
263 162
91 162
111 162
273 162
207 162
92 162
163 162
233 162
148 162
180 162
145 162
134 162
23 162
119 162
59 162
241 162
103 162
85 162
218 162
166 162
51 162
81 162
162 247
162 10
99 162
231 162
258 162
215 162
162 48
189 162
162 154
282 162
244 162
66 162
162 110
21 162
144 162
35 162
190 162
239 162
162 1
216 162
151 162
72 162
219 162
269 162
224 162
162 76
237 162
137 162
221 162
112 162
240 162
168 162
170 162
106 162
75 162
266 162
275 162
227 162
4 162
98 162
45 162
162 147
101 162
169 162
162 128
201 162
162 243
223 162
162 172
62 162
42 162
162 108
171 162
176 162
77 162
121 162
232 162
209 162
115 162
238 162
152 162
53 162
159 162
210 162
28 162
162 261
44 162
80 162
281 162
22 162
228 162
162 204
236 162
196 162
56 162
264 162
197 162
125 162
162 84
109 162
57 162
267 162
183 162
15 162
268 162
220 162
29 162
162 63
104 162
79 162
162 181
33 162
253 162
157 162
32 162
175 162
73 162
40 162
122 162
69 162
97 162
102 162
123 162
7 162
184 162
242 162
162 278
70 162
86 162
24 162
162 194
167 162
162 161
277 162
162 193
162 140
162 19
162 78
162 249
272 162
162 95
173 162
162 208
203 162
205 162
118 162
186 162
162 113
107 162
58 162
3 162
30 162
162 260
160 162
131 162
41 162
162 254
26 162
38 162
155 162
114 162
165 162
177 162
135 162
153 162
143 162
31 162
5 162
71 162
280 162
18 162
162 13
162 93
27 162
250 162
19 116
42 116
233 116
70 116
100 116
119 116
253 116
8 116
205 116
57 116
170 116
204 116
236 116
30 116
134 116
146 116
224 116
276 116
58 116
49 116
109 116
41 116
6 116
60 116
195 116
75 116
138 116
116 147
56 116
189 116
207 116
79 116
112 116
201 116
116 194
108 116
93 116
171 116
87 116
232 116
220 116
90 116
192 116
278 116
231 116
32 116
186 116
44 116
266 116
148 116
72 116
263 116
183 116
133 116
74 116
210 116
163 116
246 116
202 116
116 261
64 116
116 257
99 116
15 116
4 116
11 116
177 116
105 116
67 116
116 78
37 116
172 116
69 116
106 116
127 116
116 113
36 116
225 116
137 116
173 116
96 116
116 10
9 116
228 116
227 116
124 116
116 161
182 116
114 116
226 116
5 116
132 116
116 129
264 116
88 116
151 116
47 116
27 116
116 1
68 116
181 116
244 116
223 116
115 116
80 116
249 116
269 116
12 116
259 116
116 208
61 116
104 116
247 116
196 116
51 116
267 116
73 116
121 116
116 82
237 116
135 116
116 271
213 116
149 116
25 116
116 154
116 63
221 116
17 116
168 116
193 116
116 84
26 116
280 116
89 116
116 212
178 116
50 116
53 116
277 116
76 116
116 260
116 95
281 116
92 116
262 116
116 254
175 116
18 116
235 116
214 116
101 116
131 116
252 116
34 116
116 48
200 116
46 116
59 116
206 116
116 140
180 116
222 116
209 116
86 116
142 116
116 128
43 116
217 116
116 110
81 116
160 116
279 116
126 116
152 116
187 116
239 116
116 120
102 116
29 116
219 116
176 116
35 116
23 116
116 243
199 116
116 13
143 116
216 116
272 116
24 116
21 116
