283 742
274 283
216 92
92 216
258 262
262 258
187 144
144 187
209 216
216 209
199 280
280 199
87 34
34 87
119 88
88 119
186 200
200 186
182 258
258 182
234 10
10 234
121 273
273 121
134 281
281 134
26 195
195 26
239 54
54 239
67 271
271 67
179 3
3 179
246 217
217 246
73 99
99 73
198 93
93 198
60 244
244 60
84 128
128 84
210 79
79 210
180 58
58 180
141 186
186 141
91 190
190 91
113 192
192 113
122 203
203 122
54 21
273 129
129 273
24 215
215 24
59 13
13 59
120 84
191 121
121 191
203 64
64 203
130 32
32 130
161 249
249 161
183 269
269 183
120 172
142 126
126 142
251 37
37 251
53 186
186 53
91 178
158 68
129 30
30 129
158 268
178 206
206 178
6 126
126 6
209 35
35 209
172 112
112 172
171 215
215 171
154 219
219 154
221 245
245 221
14 150
244 34
135 151
151 135
248 174
156 110
149 93
93 149
229 112
201 222
244 61
61 244
127 19
19 127
3 242
242 3
114 146
146 114
244 51
51 244
34 51
51 34
106 239
239 106
232 82
82 232
83 275
275 83
205 141
141 205
243 113
164 261
261 164
218 180
100 77
256 84
84 256
121 165
165 121
91 13
13 91
218 141
141 218
265 48
48 265
37 277
41 245
245 41
37 24
24 37
168 276
276 168
146 45
45 146
11 121
121 11
237 57
240 169
169 240
193 45
45 193
184 57
57 184
255 67
67 255
38 62
62 38
1 42
42 1
97 214
164 91
91 164
143 248
248 143
16 65
65 16
153 259
259 153
102 129
129 102
28 46
244 214
214 244
174 215
215 174
127 115
115 127
140 195
195 140
44 169
169 44
181 10
10 181
14 29
29 14
15 7
7 15
81 184
143 87
87 143
29 122
134 179
179 134
150 136
136 150
267 141
233 107
107 233
27 252
252 27
251 28
28 251
73 53
53 73
9 269
269 9
201 34
34 201
212 40
40 212
157 142
171 25
25 171
213 180
180 213
188 257
257 188
127 250
250 127
206 120
120 206
199 36
36 199
57 246
184 277
277 184
73 242
242 73
183 251
251 183
142 149
149 142
199 2
2 199
94 67
67 94
233 259
259 233
75 235
235 75
268 64
64 268
275 191
191 275
188 267
243 197
66 72
237 158
158 237
11 213
213 11
6 24
24 6
138 266
266 138
229 51
51 229
187 249
249 187
45 278
278 45
179 107
6 245
117 174
174 117
14 139
139 14
84 2
2 84
160 49
49 160
33 272
272 33
107 154
154 107
2 48
148 274
49 274
274 142
274 220
34 274
274 13
163 274
10 274
274 278
211 274
274 106
274 134
274 162
248 274
137 274
274 109
274 145
274 136
100 274
274 225
274 146
274 277
274 175
86 274
274 95
63 274
274 44
96 274
18 274
270 274
274 22
196 274
274 27
274 72
274 172
274 260
274 168
274 188
274 15
214 274
274 231
47 274
274 195
274 65
152 274
274 199
274 73
274 150
274 78
274 255
192 274
274 58
274 28
274 45
274 23
274 77
274 33
274 237
253 274
52 274
274 114
166 274
230 274
161 274
243 274
274 1
207 274
227 274
274 38
254 274
274 279
274 76
222 274
274 7
274 242
274 101
274 19
274 157
274 118
274 71
159 274
56 274
274 177
274 132
139 274
274 153
274 79
274 35
274 272
182 274
274 241
274 112
201 274
274 259
40 274
274 3
274 89
274 17
274 149
160 274
274 246
274 57
274 125
90 274
249 274
274 158
116 274
274 261
274 39
274 263
274 275
274 282
32 274
274 16
274 6
262 274
274 252
274 240
226 274
274 280
274 53
185 274
274 62
274 98
274 55
274 92
274 203
274 12
274 59
274 11
274 245
274 190
274 88
274 228
274 235
274 267
274 198
274 120
103 274
274 186
274 171
274 165
43 274
238 274
224 274
274 204
274 108
135 274
274 197
274 20
274 117
176 274
274 74
194 274
274 69
85 274
31 274
274 9
167 274
274 232
264 274
274 218
274 215
229 274
274 140
51 274
247 274
274 66
8 274
111 274
274 42
274 189
274 102
266 274
170 274
274 81
143 274
110 274
138 274
155 274
131 274
274 50
29 274
274 216
105 274
274 70
274 24
80 274
274 82
274 217
212 274
274 147
144 274
274 2
274 269
244 274
151 274
274 213
274 67
274 84
274 273
274 180
133 274
274 25
156 274
104 274
274 119
274 223
173 274
4 274
274 236
274 124
5 274
274 21
60 274
274 233
187 274
274 276
123 274
202 274
274 221
208 274
274 250
274 154
283 114
201 283
283 109
283 3
103 283
283 1
283 186
283 64
283 273
283 126
283 272
264 283
244 283
283 46
283 129
258 283
283 220
283 13
249 283
283 55
63 283
283 132
283 221
283 251
151 283
283 24
283 239
283 145
40 283
18 283
266 283
283 33
139 283
283 112
283 179
283 44
283 7
283 164
283 22
283 205
283 197
283 218
283 136
143 283
97 283
253 283
86 283
283 275
283 279
283 261
138 283
283 77
283 282
283 195
283 118
5 283
283 88
283 219
196 283
283 58
283 94
283 19
283 267
283 246
283 235
187 283
283 263
283 204
234 283
283 9
283 84
283 23
32 283
113 283
283 75
155 283
212 283
283 81
283 15
270 283
176 283
283 66
49 283
283 99
283 149
230 283
111 283
283 213
283 177
207 283
170 283
283 216
283 45
29 283
283 199
152 283
194 283
283 127
283 65
283 128
283 146
283 188
222 283
283 233
238 283
185 283
283 200
283 157
283 98
283 257
159 283
283 108
208 283
131 283
135 283
262 283
283 69
283 70
31 283
227 283
283 12
283 245
56 283
283 68
283 277
283 92
283 89
283 189
283 225
283 141
254 283
283 241
43 283
163 283
283 20
283 232
226 283
283 250
148 283
283 203
283 184
144 283
104 283
283 210
283 30
283 73
214 283
283 121
110 283
283 78
283 72
283 242
283 57
283 71
283 27
96 283
224 283
283 231
283 256
283 198
283 280
52 283
283 276
100 283
283 223
283 74
61 283
80 283
283 209
167 283
283 28
173 283
34 283
283 39
283 271
283 134
283 21
283 125
4 283
283 83
283 59
283 175
283 95
283 17
105 283
283 38
283 154
182 283
283 265
283 169
283 36
161 283
283 102
283 82
283 158
283 228
47 283
283 67
283 172
283 115
137 283
211 283
283 124
283 91
247 283
283 79
8 283
283 101
283 162
283 174
229 283
123 283
10 283
202 283
283 25
116 283
133 283
283 76
283 260
283 180
283 147
283 178
283 106
283 54
166 283
85 283
283 255
283 107
283 237
283 252
90 283
283 50
283 236
