283 594
218 216
51 155
155 51
167 206
206 167
66 173
173 66
121 56
56 121
99 220
220 99
85 73
247 155
155 247
146 163
121 219
219 121
107 271
271 107
267 25
25 267
223 60
60 223
247 240
158 17
57 130
78 282
282 78
210 133
133 210
156 112
112 156
250 90
90 250
151 47
47 151
144 100
100 144
15 212
212 15
210 40
40 210
195 166
166 195
148 210
210 148
26 27
27 26
138 107
107 138
41 147
198 277
230 110
47 204
162 133
133 162
24 211
189 42
42 189
283 68
68 283
274 123
123 274
83 187
187 83
230 123
123 230
187 257
72 35
35 72
54 80
80 54
143 159
159 143
103 163
163 103
90 83
264 180
94 231
231 94
105 119
119 105
81 270
270 81
51 122
122 51
278 106
106 278
185 261
261 185
112 271
271 112
198 96
96 198
82 175
175 82
80 260
73 90
90 73
166 268
268 166
61 3
3 61
218 10
135 218
218 23
37 218
8 218
218 114
130 218
4 218
35 218
169 218
27 218
218 182
110 218
46 218
218 79
218 76
218 177
218 58
69 218
218 137
5 218
131 218
179 218
155 218
209 218
218 95
184 218
218 258
218 108
218 97
63 218
218 129
254 218
19 218
218 31
59 218
266 218
134 218
75 218
218 171
218 14
218 36
218 196
159 218
218 192
218 161
218 42
218 249
199 218
218 244
218 185
218 125
170 218
218 263
91 218
218 189
29 218
194 218
127 218
279 218
271 218
264 218
147 218
70 218
218 227
218 163
218 111
253 218
218 44
218 260
218 99
204 218
57 218
218 275
78 218
241 218
219 218
218 267
141 218
175 218
218 117
218 259
3 218
218 188
218 87
218 246
157 218
218 88
126 218
139 218
68 218
218 50
218 49
211 218
218 15
152 218
218 105
218 242
218 17
247 218
47 218
215 218
191 218
218 281
218 53
218 220
218 261
218 212
218 278
39 218
136 218
154 218
218 12
238 218
174 218
218 276
71 218
54 218
112 218
218 124
218 145
218 2
273 218
104 218
168 218
218 205
225 218
218 18
252 218
231 218
213 218
218 224
181 218
101 218
218 164
218 74
218 197
28 218
218 210
274 218
24 218
113 218
218 255
248 218
218 60
109 218
207 218
218 240
218 16
94 218
166 218
283 218
218 118
218 65
193 218
218 167
96 218
84 218
218 172
218 142
55 218
116 218
228 218
11 218
269 218
195 218
222 218
72 218
64 218
202 218
198 218
226 218
89 218
218 229
218 221
149 218
61 218
218 183
218 9
67 218
218 277
138 218
251 218
33 218
90 218
80 218
218 148
268 218
218 180
218 34
22 218
245 218
218 45
165 218
236 218
208 218
218 25
218 256
140 218
218 233
218 160
77 218
218 144
250 218
218 132
218 153
200 218
218 40
218 206
230 218
20 218
218 43
218 257
218 120
218 232
218 162
218 81
218 146
218 52
218 32
218 86
218 214
178 218
218 270
218 235
218 98
143 218
217 218
83 218
218 1
239 218
6 218
262 218
237 218
282 218
38 218
272 218
48 218
265 218
218 92
218 62
218 128
66 218
218 30
93 218
7 218
203 218
218 186
41 218
218 243
218 13
280 218
218 176
158 218
21 218
218 100
234 218
102 218
218 201
190 218
115 218
150 218
73 218
64 216
165 216
239 216
93 216
216 49
52 216
54 216
91 216
126 216
191 216
216 9
101 216
244 216
21 216
216 162
209 216
216 183
216 275
75 216
150 216
51 216
271 216
63 216
216 119
173 216
115 216
233 216
216 161
181 216
84 216
216 185
250 216
216 98
46 216
216 99
196 216
42 216
137 216
66 216
2 216
216 160
140 216
270 216
222 216
29 216
216 25
128 216
176 216
282 216
216 281
216 23
216 45
257 216
216 95
178 216
216 34
168 216
170 216
283 216
204 216
157 216
216 1
211 216
216 142
241 216
216 117
156 216
216 15
149 216
217 216
56 216
11 216
6 216
216 260
167 216
216 242
268 216
147 216
277 216
121 216
83 216
65 216
216 31
216 79
216 235
174 216
216 76
238 216
231 216
219 216
106 216
158 216
216 105
216 229
216 120
216 114
245 216
26 216
118 216
259 216
69 216
81 216
216 97
216 60
152 216
216 10
116 216
166 216
216 258
215 216
216 224
216 255
41 216
3 216
50 216
273 216
124 216
216 180
216 232
216 249
24 216
202 216
216 40
77 216
253 216
225 216
216 267
53 216
14 216
216 188
216 276
216 129
216 192
216 108
216 133
154 216
107 216
216 12
68 216
57 216
85 216
262 216
123 216
216 103
44 216
18 216
94 216
58 216
189 216
131 216
143 216
280 216
216 261
236 216
237 216
216 212
194 216
151 216
240 216
206 216
216 171
92 216
216 201
125 216
36 216
247 216
216 13
216 172
186 216
74 216
216 32
216 227
139 216
7 216
164 216
216 153
136 216
216 243
177 216
35 216
199 216
109 216
216 246
132 216
216 223
216 182
16 216
216 111
214 216
256 216
4 216
39 216
216 88
193 216
216 146
110 216
216 197
87 216
90 216
216 263
216 205
112 216
216 220
100 216
102 216
216 86
30 216
274 216
216 163
254 216
216 145
144 216
216 210
278 216
279 216
175 216
22 216
48 216
138 216
221 216
252 216
62 216
179 216
8 216
127 216
216 17
187 216
216 43
