277 551
6 129
6 261
1 6
204 6
213 6
6 124
6 81
6 240
6 194
115 6
6 92
193 6
6 97
175 6
74 6
93 6
6 271
6 109
6 267
6 36
6 153
46 6
177 6
183 6
39 6
6 104
138 6
212 6
6 251
56 6
6 160
53 6
69 6
6 65
6 263
6 143
237 6
277 6
244 6
6 221
152 6
6 2
132 6
6 121
6 100
6 187
87 6
76 6
61 6
214 6
268 6
6 31
6 238
127 6
180 6
208 6
171 6
229 6
6 112
157 6
58 6
6 172
6 107
118 6
6 247
179 6
11 6
6 236
6 125
6 188
19 6
48 6
166 6
162 6
270 6
6 86
242 6
144 6
44 6
6 85
6 45
6 200
211 6
6 68
91 6
6 154
6 266
50 6
245 6
274 6
6 108
6 257
6 218
24 6
209 6
137 6
167 6
6 232
228 6
49 6
225 6
37 6
190 6
145 6
6 207
6 99
128 6
78 6
119 6
122 6
189 6
6 60
15 6
219 6
6 28
241 6
6 249
6 198
6 7
12 6
256 6
6 186
106 6
22 6
38 6
168 6
202 6
6 139
33 6
182 6
6 254
262 6
6 250
75 6
123 6
6 80
6 20
216 6
82 6
54 6
6 173
40 6
6 215
6 16
203 6
224 6
23 6
6 184
35 6
135 6
95 6
185 6
10 6
6 71
114 6
6 195
6 259
6 181
6 136
6 199
6 79
174 6
64 6
32 6
6 273
67 6
57 6
6 151
131 6
6 142
147 6
6 43
191 6
52 6
156 6
6 239
6 159
6 77
6 164
14 6
133 6
13 6
233 6
192 6
101 6
163 6
6 98
25 6
226 6
6 5
275 6
6 155
110 6
6 42
6 90
27 6
170 6
258 6
63 6
248 6
205 6
230 6
272 6
116 6
6 252
6 72
6 88
161 6
83 6
243 6
6 234
253 6
3 6
6 41
6 51
120 6
265 6
197 6
6 84
6 196
21 6
134 6
6 176
6 117
6 276
227 6
6 70
6 130
9 6
149 6
235 6
73 6
6 59
6 30
206 6
6 34
6 4
26 6
6 94
260 6
6 223
6 111
96 6
217 6
158 6
6 148
6 103
165 6
66 6
6 222
231 6
6 141
246 6
18 6
6 269
264 6
6 55
6 89
6 47
6 113
6 102
220 6
150 6
6 8
6 62
210 6
169 6
6 146
255 6
6 126
6 140
6 29
6 178
6 201
17 6
105 6
149 129
129 72
180 129
129 164
177 129
129 250
3 129
129 71
106 129
129 62
129 5
129 267
204 129
129 29
76 129
168 129
265 129
129 2
129 68
132 129
114 129
243 129
212 129
46 129
73 129
244 129
255 129
129 99
129 117
123 129
91 129
129 109
272 129
258 129
129 36
129 188
216 129
133 129
231 129
95 129
129 140
24 129
214 129
226 129
129 240
152 129
135 129
129 81
17 129
129 184
163 129
129 55
166 129
129 238
129 126
220 129
275 129
129 79
120 129
192 129
129 90
129 271
156 129
129 151
129 172
129 65
161 129
129 107
129 261
129 31
185 129
63 129
235 129
101 129
53 129
13 129
208 129
129 215
219 129
274 129
56 129
78 129
233 129
35 129
129 8
129 257
64 129
18 129
129 155
129 47
225 129
129 43
175 129
167 129
203 129
129 223
23 129
242 129
15 129
191 129
129 20
190 129
129 42
67 129
210 129
129 142
129 60
11 129
38 129
182 129
268 129
213 129
134 129
129 139
193 129
264 129
129 199
74 129
129 125
58 129
129 89
129 94
165 129
129 263
129 254
39 129
129 200
270 129
129 103
118 129
129 45
129 130
228 129
129 100
129 160
129 7
129 207
69 129
129 218
129 154
260 129
129 70
129 196
129 239
128 129
129 195
33 129
26 129
96 129
19 129
66 129
129 222
241 129
127 129
129 97
129 51
262 129
129 104
129 269
129 159
40 129
129 88
129 194
49 129
14 129
93 129
211 129
37 129
122 129
171 129
129 4
129 80
110 129
82 129
61 129
52 129
129 178
129 221
147 129
129 77
129 153
129 108
144 129
229 129
25 129
129 98
224 129
129 16
129 136
32 129
227 129
48 129
129 181
131 129
119 129
129 232
129 259
129 85
129 141
129 28
116 129
105 129
129 111
237 129
206 129
129 124
129 86
150 129
75 129
21 129
205 129
129 102
1 129
230 129
209 129
129 186
129 252
217 129
50 129
129 236
83 129
9 129
57 129
256 129
27 129
129 176
157 129
129 251
129 247
189 129
129 84
253 129
129 113
129 148
169 129
10 129
129 198
129 112
183 129
170 129
277 129
245 129
138 129
129 266
158 129
129 59
129 173
137 129
129 143
248 129
129 146
87 129
129 41
54 129
129 92
115 129
129 30
179 129
129 234
174 129
129 187
129 34
12 129
129 276
162 129
129 201
202 129
246 129
44 129
22 129
197 129
129 249
129 121
145 129
129 273
