297 648
35 166
166 35
28 15
15 28
63 67
67 63
62 267
267 62
205 99
99 205
84 91
91 84
282 205
205 282
247 16
16 247
62 49
21 55
55 21
147 48
32 130
130 32
139 250
250 139
110 266
191 105
105 191
99 171
167 266
266 167
13 41
41 13
139 64
64 139
150 190
211 258
258 211
82 207
207 82
187 101
101 187
59 254
254 59
14 248
248 14
58 42
42 58
137 57
57 137
129 164
164 129
21 185
111 102
102 111
200 116
116 200
144 225
225 144
25 153
23 125
125 23
201 170
170 201
236 135
135 236
27 228
228 27
191 106
106 191
189 171
171 189
123 157
167 252
252 167
112 230
230 112
24 119
173 202
202 173
174 66
66 174
81 204
204 81
83 291
291 83
35 224
171 35
35 53
35 48
35 284
230 35
35 13
89 35
227 35
33 35
8 35
132 35
233 35
35 120
35 118
121 35
103 35
35 286
35 283
35 139
35 66
71 35
124 35
129 35
35 169
35 137
235 35
35 34
35 259
58 35
35 185
35 128
14 35
35 29
110 35
35 173
35 3
25 35
35 206
35 213
208 35
35 122
212 35
163 35
35 46
35 4
35 59
35 105
80 35
239 35
204 35
35 36
115 35
6 35
75 35
35 106
35 156
35 287
207 35
35 153
101 35
35 116
260 35
125 35
35 218
187 35
35 246
35 277
35 38
278 35
35 247
35 67
35 232
65 35
35 291
190 35
35 216
119 35
35 107
35 85
35 158
35 264
199 35
102 35
272 35
234 35
42 35
54 35
294 35
288 35
35 76
35 7
35 47
251 35
35 63
61 35
265 35
35 285
35 237
35 256
40 35
35 194
252 35
223 35
35 225
35 188
35 50
35 279
35 131
146 35
35 215
226 35
114 35
45 35
35 130
161 35
21 35
180 35
35 240
18 35
35 127
70 35
35 123
151 35
84 35
117 35
90 35
51 35
189 35
35 244
273 35
35 44
35 17
35 184
43 35
35 159
35 214
289 35
228 35
79 35
111 35
210 35
35 268
35 219
35 182
267 35
30 35
35 126
266 35
35 5
255 35
165 35
35 174
28 35
23 35
62 35
35 162
35 52
35 92
35 98
217 35
35 221
35 192
100 35
135 35
147 35
35 181
35 16
297 35
142 35
292 35
10 35
39 35
35 69
27 35
242 35
35 257
138 35
35 261
195 35
196 35
35 95
73 35
35 293
35 186
35 202
35 113
35 11
15 35
35 193
149 35
35 133
35 281
167 35
35 183
152 35
35 49
2 35
243 35
20 35
35 231
178 35
35 155
275 35
262 35
68 35
201 35
35 31
35 19
35 57
35 179
35 197
35 172
222 35
35 274
87 35
35 93
296 35
229 35
35 143
35 209
72 35
136 35
35 41
35 60
96 35
35 168
97 35
263 35
280 35
82 35
35 157
35 64
78 35
35 141
88 35
35 108
203 35
35 249
74 35
35 238
35 250
35 134
253 35
176 35
35 154
248 35
104 35
148 35
35 1
35 12
170 35
35 290
35 9
35 295
35 254
35 144
258 35
22 35
35 160
35 269
35 94
35 276
177 35
282 35
35 175
86 35
270 35
26 35
140 35
245 35
35 271
35 198
55 35
37 35
150 35
109 35
35 77
35 241
35 56
220 35
35 145
112 166
166 277
86 166
166 209
166 224
166 113
166 32
289 166
234 166
166 38
242 166
166 66
166 214
236 166
100 166
180 166
166 9
166 173
81 166
166 29
166 93
166 105
166 193
166 188
146 166
101 166
27 166
166 200
166 94
166 134
166 48
110 166
166 98
196 166
166 154
296 166
166 145
135 166
166 155
132 166
288 166
245 166
217 166
166 237
61 166
163 166
166 120
227 166
166 57
104 166
272 166
166 36
233 166
166 131
117 166
161 166
166 130
166 60
166 259
166 13
166 291
166 261
292 166
96 166
178 166
166 47
166 107
166 116
129 166
166 264
136 166
263 166
166 269
149 166
187 166
140 166
177 166
166 175
166 244
166 46
166 290
166 168
166 293
252 166
33 166
170 166
166 281
166 162
294 166
166 4
166 108
166 284
220 166
166 295
166 179
266 166
166 250
28 166
166 157
235 166
166 49
166 122
166 156
166 143
8 166
166 271
75 166
65 166
150 166
282 166
166 31
166 194
205 166
166 17
166 279
166 246
190 166
165 166
166 11
166 286
166 183
166 53
166 141
166 77
79 166
111 166
6 166
166 276
87 166
166 139
166 225
171 166
166 1
22 166
43 166
166 16
74 166
68 166
166 92
138 166
166 254
210 166
166 257
166 76
26 166
208 166
72 166
30 166
166 69
280 166
23 166
97 166
148 166
151 166
166 12
10 166
166 128
70 166
166 218
166 283
121 166
37 166
297 166
14 166
278 166
62 166
166 256
73 166
176 166
166 192
124 166
166 34
166 185
166 5
251 166
18 166
125 166
166 118
166 238
166 287
166 169
166 241
82 166
166 215
166 127
166 123
166 232
255 166
103 166
166 158
166 159
275 166
142 166
39 166
262 166
166 56
166 44
54 166
40 166
147 166
166 153
243 166
212 166
24 166
166 67
166 7
166 160
270 166
166 182
166 197
90 166
166 198
260 166
203 166
71 166
21 166
166 206
166 186
78 166
258 166
166 213
253 166
166 219
166 41
166 64
20 166
166 240
207 166
166 172
42 166
166 249
109 166
211 166
199 166
166 191
84 166
166 181
115 166
195 166
51 166
166 83
223 166
91 166
166 274
166 221
166 52
25 166
239 166
45 166
114 166
166 19
166 3
119 166
166 133
201 166
166 268
166 126
88 166
166 231
166 59
265 166
58 166
229 166
166 216
80 166
204 166
166 285
2 166
166 95
166 50
166 137
166 174
166 85
89 166
166 184
273 166
230 166
152 166
166 247
222 166
226 166
