271 708
196 242
242 196
29 110
110 29
266 104
228 148
148 228
10 134
134 10
267 23
250 263
263 250
260 97
97 260
41 226
226 41
234 212
212 234
21 198
198 21
117 45
45 117
98 240
240 98
10 174
174 10
15 249
249 15
256 45
45 256
41 188
211 39
39 211
161 3
3 161
58 33
33 58
259 6
6 259
89 144
144 214
214 144
258 244
244 258
27 46
46 27
210 65
184 136
136 184
150 163
103 85
238 167
167 238
270 211
211 270
121 188
188 121
73 235
235 73
122 133
133 122
268 222
222 268
240 164
164 240
166 98
98 166
19 71
71 19
128 104
104 128
136 47
47 136
252 120
120 252
171 175
175 171
23 258
258 23
194 47
47 194
253 72
44 161
161 44
243 4
4 243
187 114
114 187
133 42
42 133
60 246
171 49
49 171
134 165
165 134
58 55
47 247
247 47
172 94
126 204
204 126
169 218
49 235
235 49
58 51
51 58
167 30
30 167
241 8
8 241
207 188
188 207
163 267
267 163
221 82
82 221
229 247
247 229
27 36
36 27
167 252
266 186
94 27
87 271
271 87
225 187
187 225
238 263
210 237
237 210
123 155
155 123
154 134
134 154
114 195
195 114
257 44
44 257
157 246
246 157
36 194
194 36
23 34
202 2
2 202
235 181
181 235
211 64
64 211
205 90
95 19
19 95
174 155
155 174
81 212
212 81
66 119
119 66
76 78
78 76
94 248
248 94
199 231
231 199
151 150
150 151
38 220
220 38
5 234
234 5
111 144
104 176
176 104
241 11
11 241
214 62
62 214
107 63
63 107
50 35
35 50
256 96
161 252
252 161
100 76
76 100
251 107
107 251
137 26
26 137
56 134
134 56
28 36
36 28
270 45
45 270
234 45
215 45
45 215
42 154
154 42
121 154
154 121
98 258
240 4
55 136
136 55
200 100
100 200
127 203
203 127
203 199
127 201
201 127
215 121
121 215
50 188
188 50
212 241
241 212
144 57
57 144
94 247
247 94
171 12
70 179
179 70
123 28
28 123
191 204
267 266
266 267
193 135
135 193
193 118
118 193
1 83
226 26
26 226
56 40
40 56
262 138
138 262
142 84
84 142
241 33
33 241
243 34
34 243
164 74
74 164
123 186
186 123
196 45
196 192
190 196
260 196
196 220
196 146
196 26
255 196
108 196
196 54
196 109
196 31
196 91
196 173
196 63
196 38
218 196
196 205
152 196
196 182
101 196
196 174
196 234
264 196
166 196
196 263
200 196
196 209
196 114
37 196
249 196
196 211
196 187
141 196
145 196
196 143
169 196
161 196
128 196
89 196
147 196
196 71
69 196
196 119
125 196
237 196
196 73
196 8
267 196
196 149
21 196
206 196
196 33
135 196
258 196
261 196
265 196
196 50
236 196
191 196
196 121
196 94
17 196
196 55
76 196
199 196
151 196
244 196
142 196
268 196
93 196
196 223
132 196
53 196
196 154
196 5
196 85
196 18
61 196
140 196
196 256
239 196
196 230
196 77
158 196
238 196
196 2
9 196
196 180
100 196
196 194
189 196
3 196
196 42
197 196
115 196
208 196
67 196
196 81
196 184
167 196
196 207
196 225
20 196
196 82
196 156
65 196
13 196
196 134
196 130
183 196
99 196
34 196
196 245
196 72
259 196
118 196
196 117
196 235
240 196
196 51
80 196
196 87
92 196
196 11
252 196
196 181
160 196
7 196
196 188
157 196
196 49
196 110
79 196
74 196
179 196
196 217
204 196
214 196
196 29
213 196
196 153
16 196
1 196
86 196
196 88
196 66
253 196
196 123
198 196
196 138
196 228
177 196
23 196
243 196
103 196
196 47
196 148
196 247
196 232
196 95
196 106
196 262
30 196
48 196
196 28
196 251
246 196
196 131
196 116
52 196
257 196
231 196
59 196
104 196
105 196
196 224
196 226
97 196
178 196
193 196
62 196
196 64
196 32
196 113
163 196
176 196
196 186
70 196
196 25
4 196
164 196
112 196
24 196
196 36
170 196
196 227
219 196
196 185
233 196
196 75
196 221
127 196
159 196
196 102
196 136
196 83
269 196
126 196
15 196
172 196
196 215
254 196
196 14
196 162
144 196
210 196
22 196
43 196
196 195
196 270
196 124
196 46
139 196
60 196
129 196
196 216
68 196
196 41
196 58
196 40
168 196
163 242
157 242
206 242
242 182
219 242
242 58
242 209
16 242
178 242
125 242
242 41
166 242
266 242
99 242
177 242
242 131
167 242
218 242
242 153
242 109
265 242
199 242
65 242
70 242
242 156
242 228
160 242
242 11
242 72
242 95
244 242
34 242
242 31
242 173
249 242
176 242
242 75
93 242
191 242
69 242
214 242
233 242
242 130
242 28
201 242
242 121
140 242
242 162
242 207
242 113
127 242
242 165
236 242
7 242
100 242
145 242
242 32
242 174
79 242
179 242
120 242
242 220
242 148
242 102
139 242
242 230
183 242
242 82
80 242
193 242
242 143
144 242
242 175
105 242
242 270
242 90
78 242
231 242
242 66
242 187
53 242
242 226
132 242
242 36
6 242
242 202
92 242
242 227
161 242
242 235
242 5
242 232
242 51
147 242
242 29
48 242
242 40
242 181
67 242
57 242
252 242
242 133
242 245
242 248
242 85
242 138
61 242
198 242
37 242
240 242
111 242
97 242
59 242
242 94
242 49
129 242
264 242
152 242
242 106
210 242
43 242
242 229
190 242
52 242
101 242
203 242
238 242
242 114
24 242
253 242
242 263
115 242
242 217
204 242
141 242
104 242
242 18
118 242
44 242
242 107
21 242
242 117
242 122
242 251
168 242
242 38
142 242
128 242
126 242
242 154
242 73
242 77
242 137
158 242
86 242
30 242
242 223
242 91
98 242
242 192
261 242
242 221
4 242
242 110
242 88
242 216
242 14
108 242
103 242
242 224
242 136
112 242
269 242
242 180
242 185
243 242
242 186
239 242
22 242
242 87
268 242
1 242
242 83
89 242
213 242
242 63
242 149
9 242
17 242
135 242
258 242
242 271
242 205
242 146
172 242
254 242
255 242
20 242
68 242
242 116
197 242
242 171
242 195
242 25
13 242
222 242
237 242
189 242
242 124
242 55
242 215
267 242
3 242
242 46
151 242
208 242
170 242
242 262
242 35
242 123
159 242
242 54
62 242
