295 677
157 33
294 111
111 294
161 210
261 265
265 261
117 77
77 117
286 99
99 286
78 62
62 78
87 178
178 87
220 124
124 220
27 43
43 27
200 59
24 198
198 24
41 40
40 41
140 85
85 140
154 171
171 154
186 70
70 186
95 103
103 95
173 44
44 173
229 283
283 229
295 151
151 295
127 159
159 127
245 25
25 245
90 24
24 90
263 191
191 263
62 271
271 62
115 270
270 115
125 154
154 125
214 10
10 214
273 73
73 273
61 31
24 174
174 24
242 57
57 242
233 60
60 233
13 102
102 13
98 109
109 98
59 161
161 59
102 36
36 102
47 239
239 47
243 84
84 243
143 150
150 143
234 57
57 234
59 184
184 59
89 236
236 89
22 245
245 22
60 170
170 60
242 276
276 242
116 121
121 116
162 23
240 68
185 75
75 185
201 43
146 119
119 146
161 99
292 71
71 292
85 177
177 85
117 233
233 117
289 6
292 46
46 292
103 197
197 103
29 203
252 95
95 252
195 168
168 195
237 163
163 237
27 194
194 27
212 171
171 212
259 212
212 259
102 99
99 102
222 227
74 52
52 74
157 132
157 151
84 157
157 240
157 52
29 157
157 226
157 101
22 157
207 157
157 126
133 157
254 157
157 281
157 215
157 251
157 103
157 272
157 96
139 157
145 157
157 44
157 65
259 157
157 89
60 157
280 157
160 157
157 222
85 157
157 292
94 157
111 157
157 180
218 157
157 87
131 157
153 157
19 157
235 157
233 157
243 157
63 157
157 182
267 157
157 8
205 157
199 157
62 157
157 190
157 250
154 157
157 247
157 81
147 157
157 13
135 157
69 157
157 74
157 83
157 201
157 282
157 176
157 31
171 157
166 157
157 7
157 121
157 156
157 109
157 206
110 157
157 113
157 41
39 157
277 157
219 157
157 209
157 244
157 159
108 157
157 142
229 157
157 265
283 157
192 157
157 130
157 43
163 157
9 157
217 157
157 238
157 276
246 157
2 157
141 157
157 252
278 157
105 157
157 90
212 157
3 157
264 157
67 157
157 138
157 198
157 260
157 291
237 157
256 157
157 34
157 228
17 157
61 157
157 179
214 157
50 157
157 114
262 157
193 157
157 248
220 157
255 157
150 157
157 136
157 122
289 157
21 157
157 185
157 112
119 157
54 157
225 157
157 200
157 261
11 157
26 157
125 157
157 188
86 157
157 80
157 99
157 106
213 157
157 1
64 157
70 157
155 157
157 236
152 157
10 157
143 157
32 157
4 157
157 172
30 157
77 157
157 49
223 157
269 157
294 157
134 157
231 157
239 157
47 157
93 157
157 208
157 37
157 181
146 157
79 157
157 285
157 165
287 157
12 157
271 157
157 51
168 157
186 157
241 157
157 148
157 211
157 100
14 157
157 161
97 157
82 157
157 149
157 290
124 157
189 157
157 18
72 157
157 169
92 157
157 249
157 76
23 157
263 157
157 104
275 157
157 288
157 20
25 157
157 203
157 184
140 157
157 270
157 55
73 157
120 157
157 95
157 36
28 157
157 66
129 157
157 123
157 48
157 279
157 75
157 38
157 258
183 157
158 157
157 210
157 137
157 174
157 118
157 115
167 157
128 157
157 242
157 221
56 157
144 157
157 98
157 102
157 175
157 284
157 253
157 45
274 157
157 234
266 157
157 27
157 164
91 157
157 71
202 157
157 35
157 268
157 224
157 178
157 6
157 53
107 157
157 216
157 42
157 16
157 232
157 293
5 157
157 204
196 157
157 15
157 58
157 257
157 187
157 59
191 157
157 88
157 230
33 201
33 181
158 33
94 33
33 58
33 42
33 118
33 204
162 33
125 33
160 33
33 95
22 33
33 291
128 33
33 59
267 33
262 33
266 33
218 33
10 33
33 35
33 224
5 33
33 216
33 130
124 33
19 33
33 251
60 33
33 96
93 33
14 33
33 175
273 33
214 33
33 172
33 258
223 33
220 33
186 33
145 33
33 101
33 242
33 182
155 33
237 33
33 261
33 6
33 74
205 33
33 222
33 46
33 200
25 33
33 156
212 33
33 45
199 33
33 148
243 33
9 33
61 33
289 33
62 33
33 80
33 206
33 104
108 33
33 132
202 33
255 33
168 33
140 33
233 33
144 33
33 226
189 33
274 33
33 76
33 75
147 33
3 33
229 33
177 33
33 293
33 102
78 33
167 33
33 83
191 33
33 198
225 33
33 24
33 100
33 68
33 253
33 236
33 137
133 33
183 33
235 33
33 122
33 165
33 288
33 295
69 33
111 33
129 33
280 33
141 33
33 121
33 41
119 33
33 185
33 285
33 16
33 71
12 33
33 103
33 188
287 33
33 176
33 66
33 149
163 33
33 257
278 33
33 178
146 33
33 234
33 276
33 31
171 33
33 112
33 197
33 57
33 187
33 279
33 164
84 33
231 33
33 180
154 33
33 221
271 33
135 33
33 51
33 127
64 33
217 33
73 33
33 48
33 290
294 33
91 33
33 281
33 88
33 161
33 270
33 49
54 33
85 33
131 33
39 33
245 33
33 244
120 33
33 8
33 115
33 15
17 33
33 272
33 249
134 33
33 208
207 33
107 33
70 33
33 250
26 33
21 33
33 53
33 238
33 173
33 284
33 286
269 33
33 211
33 106
33 65
4 33
259 33
33 179
33 109
263 33
33 215
33 138
33 7
33 230
63 33
33 210
92 33
56 33
150 33
241 33
33 240
29 33
105 33
11 33
33 90
254 33
110 33
277 33
33 248
33 36
33 228
32 33
213 33
33 190
139 33
33 209
33 37
33 136
193 33
33 142
33 20
219 33
2 33
67 33
33 55
33 89
33 18
33 232
33 174
79 33
33 81
264 33
33 1
77 33
33 123
33 34
246 33
33 247
33 40
23 33
33 159
196 33
33 268
33 203
256 33
86 33
33 169
97 33
166 33
33 44
239 33
50 33
33 265
72 33
47 33
275 33
192 33
30 33
33 114
33 260
33 38
153 33
28 33
82 33
152 33
33 99
283 33
33 126
33 252
33 282
195 33
33 113
